2058080
2057530
2057480
2057390
2057160
2057140
2057050
2056950
2056660
2056350
2056140
2055640
2055610
2055520
2055340
2055080
2055040
2054960
2054840
2054550
2054490
2054490
2053720
2053550
2053500
2053500
2053480
2053430
2053420
2053420
2053180
2053150
2053120
2052980
2052930
2052850
2052850
2052800
2052620
2052500
2052470
2052440
2052400
2052400
2052330
2051980
2051950
2051860
2051810
2051810
2051800
2051790
2051550
2051430
2051430
2051260
2051260
2051070
2051070
2050880
2050610
2050500
2050410
2050240
2027990
2027980
2027950
2027900
2027800
2027770
2027640
2027620
2027320
2027080
2026780
2026680
2026680
2026620
2026610
2026600
2026360
2026320
2026220
2026210
2026210
2026200
2026110
2025940
2025690
2025690
2025430
2025400
2025350
2025010
2024960
2024850
2024250
2024200
2024180
2024060
2024020
2024000
2023870
2023830
2023750
2023750
2023660
2023570
2023470
2023290
2023290
2023100
2022940
2022870
2022870
2022840
2022840
2022730
2022720
2022660
2022580
2022430
2022340
2022320
2022240
2021920
2021890
2021810
2021490
2021490
2021470
2021450
2021420
2021420
2021400
2021150
2021020
2020940
2020900
2020890
2020820
2020810
2020760
2020740
2020620
2020600
2020440
2020410
2020370
2020360
2020350
2020320
2020320
2020300
2020290
2020280
2020250
2020240
2020230
2020200
2020140
2020060
2020050
2019930
2019900
2019890
2019780
2019600
2019480
2019450
2019450
2019430
2019150
2019120
2019030
2018970
2018970
2018890
2018890
2018880
2018880
2018800
2018770
2018710
2018690
2018650
2018630
2018620
2018590
2018470
2018400
2018400
2018390
2018290
2018200
2018200
2018180
2018180
2018170
2018150
2018090
2017810
2017710
2017690
2017690
2017650
2017470
2017470
2017390
2017320
2017320
2017310
2017280
2017250
2017240
2017180
2017180
2017070
2017070
2016930
2016920
2016870
2016870
2016860
2016630
2016520
2016520
2016360
2016340
2015970
2015920
2015870
2015590
2015400
2015350
2015350
2015290
2014730
2014710
2014700
2014640
2014450
2014290
2014250
2014250
2013980
2013960
2013940
2013930
2013840
2013810
2013810
2013570
2013560
2013470
2013450
2013410
2013310
2013260
2013100
2012980
2012980
2012870
2012860
2012860
2012810
2012640
2012640
2012480
2012400
2012350
2012230
2012230
2012150
2012130
2012110
2012060
2011930
2011680
2011660
2011380
2011280
2011050
2010590
2010590
2010430
2010230
2010190
2010090
2009910
2009870
2009810
2009710
2009680
2009660
2009660
2009590
2009060
2009050
2008690
2008690
2008540
2008520
2008190
2008150
2008150
2008140
2007340
2007330
2007090
2006980
2006880
2006850
2006780
2006590
2006240
2006150
2006100
2005940
2005940
2005840
2005620
2005450
2005200
2004920
2004920
2004690
2004560
2004470
2004470
2004350
2004150
2004000
2003980
2003890
2003850
2003820
2003780
2003720
2003720
2003480
2003480
2003290
2003120
2002960
2002960
2002910
2002750
2002490
2002040
2001950
2001740
2001550
2001540
2001490
2001490
2001450
2001390
2001100
2000660
2000640
2000620
2000330
2000080
1999690
1999640
1999640
1999580
1999580
1999480
1999440
1999420
1999420
1999410
1999340
1999340
1999200
1998210
1998080
1997820
1997760
1997720
1997600
1997600
1997180
1997100
1997000
1996960
1996950
1996950
1996860
1996560
1996480
1996400
1996150
1996110
1996110
1995860
1995770
1995610
1995200
1995150
1995140
1995020
1994580
1994250
1994150
1994150
1993690
1993250
1993250
1993130
1993130
1993020
1992910
1992900
1992720
1992690
1992690
1991740
1991740
1991730
1991730
1991560
1990970
1990950
1990750
1990640
1990170
1990150
1990120
1989830
1989810
1989590
1989550
1988840
1988480
1988450
1988420
1988230
1988220
1988180
1988180
1988160
1987930
1987850
1987430
1987180
1987090
1986260
1986220
1986140
1986110
1986110
1986090
1986050
1985890
1985730
1985330
1985280
1984970
1984780
1984700
1984700
1984500
1984280
1984100
1983810
1983440
1983310
1983040
1983030
1982890
1982890
1982780
1982770
1982710
1982570
1982400
1982400
1981990
1981280
1981150
1980970
1980960
1980640
1980640
1980370
1980210
1980110
1979870
1979840
1979780
1979780
1979770
1979750
1979710
1979710
1979250
1979010
1978770
1978600
1978530
1978410
1978310
1978270
1977860
1977820
1977650
1977400
1977400
1977210
1977180
1977180
1977080
1977020
1976790
1976560
1976370
1976340
1976150
1976010
1975880
1975740
1975740
1975630
1975250
1975130
1974450
1974430
1974430
1974140
1973480
1973340
1973120
1972700
1972620
1972530
1972530
1972430
1972210
1972210
1971860
1971550
1971060
1971040
1971030
1971030
1970990
1970880
1970810
1970390
1970390
1970130
1969660
1969660
1969580
1969540
1969450
1969450
1969290
1969270
1969090
1969090
1968900
1968370
1968090
1968070
1967730
1967720
1967080
1966990
1966790
1966710
1966510
1966510
1966350
1966250
1966250
1966050
1965810
1965510
1965500
1965080
1964910
1964910
1964730
1964730
1964710
1964660
1964550
1964390
1964170
1964160
1963770
1963770
1963700
1963650
1963380
1963100
1962620
1962340
1962300
1962300
1962280
1962280
1962250
1961900
1961470
1961360
1961350
1961070
1960960
1960940
1960750
1960690
1960690
1960420
1960390
1960390
1960370
1960130
1959590
1959320
1959270
1958840
1958480
1958480
1958450
1958110
1958110
1958080
1958080
1958030
1957950
1957470
1957470
1957290
1957050
1956970
1956900
1956870
1956780
1956540
1956450
1956150
1956080
1956010
1955660
1955460
1955430
1954730
1954220
1954140
1954120
1953480
1953290
1953260
1953160
1952940
1952940
1952830
1952700
1952660
1952600
1952410
1952110
1952070
1951770
1951570
1951360
1950260
1950100
1950010
1949830
1949530
1949450
1949430
1949070
1949060
1948610
1948320
1948270
1948070
1947840
1947830
1947770
1947770
1947760
1947590
1947520
1947520
1946920
1946910
1946800
1946500
1946000
1945830
1943900
1943320
1943100
1942800
1942090
1941560
1940810
1940810
1938570
1937870
1937760
1936910
1936870
1936340
1935700
1935650
1935650
1935390
1935270
1935260
1935010
1935010
1933200
1933120
1932930
1932620
1932090
1931450
1929920
1928720
1928170
1926580
1926150
1926150
1925260
1924750
1924260
1923980
1923980
1923740
1923370
1923260
1923260
1921800
1921420
1921410
1920590
1920590
1920350
1920220
1919890
1919660
1918910
1917690
1917250
1916030
1915570
1915570
1915390
1914930
1914860
1913910
1913650
1913390
1913340
1911480
1911210
1910940
1910640
1909110
1908910
1907840
1907160
1904340
1904110
1903010
1901080
1900840
1899860
1899510
1899510
1898800
1898510
1898230
1898230
1897620
1897390
1895510
1894620
1894180
1893610
1893610
1893160
1892480
1891910
1891730
1891200
1891180
1891180
1891050
1890150
1888400
1888250
1887390
1887210
1881400
1879930
1878860
1878860
1877740
1875010
1871320
1871320
1871040
1871040
1868690
1868690
1867220
1866940
1866550
1866520
1866520
1866270
1865190
1864920
1862510
1861790
1859440
1858800
1858800
1857820
1856960
1852270
1849180
1849030
1846110
1843210
1842420
1840930
1840680
1839720
1835990
1835900
1835900
1835300
1835130
1823960
1823960
1821470
1821240
1819910
1819910
1814760
1812190
1807180
1806990
1806390
1806390
1805630
1805630
1799640
1799540
1798960
1797920
1797920
1796730
1796730
1794260
1794080
1794080
1792420
1790660
1790660
1789610
1788550
1779820
1776770
1775910
1775280
1772290
1771080
1771080
1768760
1768750
1768290
1761410
1761410
1757070
1750730
1746360
1732200
1732200
1730200
1728990
1728930
1728790
1728070
1723670
1723670
1714870
1714870
1711660
1704580
1703590
1703590
1699150
1689380
1689380
1673170
1670400
1669540
1669540
1668900
1668900
1668370
1668370
1666580
1665410
1664330
1661660
1661050
1661050
1660730
1660720
1659660
1658790
1658690
1658380
1658130
1657940
1657300
1655240
1652790
1652470
1652470
1651040
1650980
1648710
1647340
1644570
1644470
1643110
1642370
1642240
1629540
1624650
1623800
1622620
1619020
1618670
1617810
1617250
1606070
1602790
1601490
1598420
1597620
1596960
1595680
1591790
1591770
1590350
1589960
1588800
1587270
1578510
1574520
1568140
1566760
1566760
1566650
1546700
1544870
1544800
1542830
1542320
1540750
1539230
1538690
1535020
1524600
1521350
1519460
1516740
1488520
1478280
1454210
1447450
1445330
1442330
1440660
1440000
1435490
1431000
1429120
1427500
1423850
1418500
1414880
1410630
1408750
1402240
1402240
1402040
1402040
1400500
1399330
1345460
1328020
1328020
1326350
1326050
1325810
1325440
1325440
1320210
1318330
1318330
1317520
1317520
1316940
1316620
1316320
1313440
1310960
1310220
1306960
1304570
1304570
1299640
1298810
1298290
1298290
1296380
1289930
1288880
1269380
1217700
1210600
1193480
1164900
1079080
1066560
1046810
984700
868840
832440
697990
670530