1306
1523
3642
4610
4710
4810
4820
4910
6110
6130
6230
6260
6320
6410
6530
6540
6580
6590
6930
6940
6950
7030
7050
7080
7230
7280
7290
7410
7430
7490
7630
7710
7790
7820
7890
7920
8030
8070
8090
8150
8180
8630
8670
8700
8720
8750
8760
8820
8900
8910
9080
9090
9100
9120
9130
9300
9320
9330
9440
9510
9885
9920
9950
9985
9998
10010
10050
10570
10620
10640
11000
11080
11090
11210
11220
11270
11350
11460
11470
11910
12850
12890
12910
13010
15510
15530
15680
15720
15730
15810
15902
15912
15922
15932
15942
15952
15962
15972
15982
15992
16002
16022
16032
16042
16062
16098
16140
16150
16160
16170
16190
16210
16420
16470
16475
16510
16610
16630
17050
17110
18010
18030
22690
23110
23160
23170
23180
23320
23330
23340
23350
23410
23470
23480
23520
23610
24430
24710
24770
25510
25610
25710
25880
26010
26510
26720
26810
26910
27030
27610
27910
27930
28020
29170
29200
31160
31419
31710
31940
31950
31960
31970
31990
32010
32117
32127
32135
32159
32162
32210
33140
33150
33160
33170
33190
33290
33310
33400
33560
33630
33920
33970
34050
34110
34200
34350
34390
34400
34510
34620
34660
34680
34880
34910
34930
35020
35040
35050
35110
35150
35490
35710
36710
36920
36930
37110
37410
37510
37710
37810
38710
38730
38750
38910
39100
39130
39230
39590
39810
40140
40310
40360
40410
40430
40510
40710
41020
41110
41220
41310
41510
41670
41690
41760
41810
42190
42510
44110
44205
44300
45010
45110
45310
45430
45460
46010
46610
47010
47530
47760
47770
47860
47940
48010
48280
48710
48810
49340
49460
49480
49610
50010
50280
50830
55010
55030
55050
55410
57010
57210
57310
57610
57630
57710
57720
57750
57940
58220
58240
58310
58410
58580
58600
60610
60810
61720
63010
64030
65090
65410
65520
65760
65900
67010
67100
70130
70140
70220
70230
70310
70410
70430
70510
70910
71280
72410
72910
73050
78002
80020
90110
90410
90520
90810
91110
91210
91610
91820
91830
92230
92240
92250
92310
92810
95310
95510
96010
97010
97340
98220
98610
99110
99310
99850
99870
102220
102410
102610
102800
102830
104010
104300
104800
105310
105710
107110
107210
107610
107830
109720
110520
111020
111030
111610
112110
115810
200030
200240
200400
200570
200650
201060
201910
202550
205370
205700
205750
206310
206350
206390
206650
206730
207100
207130
207270
207510
207630
207770
207950
207970
207990
208010
208070
209020
209040
210130
210190
210290
210310
210470
210500
210720
210740
210840
211090
211620
211940
212140
212350
212560
212720
212840
212860
213390
213410
213430
213450
213470
213490
213530
213550
213590
213870
213910
214070
214090
214710
214810
214820
215020
215180
215220
215410
215650
216310
216530
216690
216850
217160
217180
217470
217830
218110
218190
218290
218350
218880
219030
219240
219420
219520
219660
219720
219850
220480
220500
220560
220720
220840
221030
221060
221450
221620
221660
221770
221850
221870
221980
222300
222400
222700
223090
223370
223570
223890
223920
224120
224280
224520
224640
224660
224800
225060
225100
225580
226080
226140
226150
226240
226300
226540
227420
227960
228240
228540
228800
228860
231120
231250
231350
231410
231890
232930
233030
233050
233070
233490
233710
235640
235740
236810
236910
237130
238390
238510
240240
240570
241210
241500
241700
241890
242180
242380
243340
243600
243820
244470
246170
246340
246380
246440
246460
246540
246640
246660
247260
247890
248140
249150
249970
250010
250790
250940
251000
251040
251090
254150
254240
254560
255060
255440
255760
257140
257190
257380
258150
261240
262880
264660
264850
264910
265350
281150
282270
285540
285600
285690
286650
287240
287440
288330
288460
289740
289970
291950
292690
292750
294250
294260
294270
294350
294510
295210
295330
295500
296200
298000
298010
298920
299130
299330
300130
300650
300730
300790
300930
301170
302230
303630
303990
304440
304520
304570
304600
304610
305140
305190
305440
305450
306500
307720
307810
308150
309890
311000
311950
312060
312260
312330
312590
312930
313030
313110
313290
313680
313920
314390
314490
315510
315690
316040
316050
316090
316100
316450
316850
316870
316900
317210
317260
317560
317750
317910
318060
318170
318320
318340
318450
318780
318820
319130
321280
321930
324690
327360
327870
327900
328300
328390
328530
328560
328580
329030
329260
329350
329400
329500
329960
330700
330710
330800
331270
332300
332470
333140
333200
333270
333310
333500
333670
334600
334660
334860
334880
335180
335410
335680
335880
335970
337050
337310
337380
337430
337640
337690
337710
337830
338010
338490
338680
339360
339520
339750
339890
340740
340890
340970
340980
341210
341340
341450
341480
343310
343380
344000
344150
344470
344920
345000
346640
346690
346860
347010
347120
347680
347780
347910
347920
348010
348110
348320
348350
348500
348610
348920
349560
349620
349800
350230
350400
350720
350870
351020
351270
351540
353020
353240
353320
354110
354320
355320
355550
355660
355870
355990
356010
356350
356810
356860
358010
358110
358780
358910
358950
359110
359120
359950
359980
360250
361070
361270
362040
363690
365000
367160
370530
370900
371070
371800
372070
372180
372410
372500
372580
372700
372730
372860
373250
373350
373960
374130
374210
374220
374360
374540
374890
375140
375560
375880
375890
375980
376190
376280
376670
376890
377020
377770
378180
378250
378380
379030
379040
379200
379250
379270
379630
379970
380010
380050
380610
380720
380930
380970
381570
381600
381770
382060
382500
382530
382580
383430
383470
383570
383920
384050
384350
384670
384730
385790
385820
386530
386780
387000
387140
387380
388310
388350
388580
388950
389440
390020
390640
390800
391200
391450
392240
392300
392320
392340
392830
392960
393270
393500
393630
393730
394170
394190
394350
394710
394790
395070
395210
395510
395970
396190
396240
396290
396490
397050
397170
397610
397790
398280
398430
398440
398600
399280
399760
400320
400330
400460
401220
401300
406910
415790
415870
416100
416440
416650
417420
417520
418840
419060
419400
421640
421830
422080
422160
422170
423130
423330
423370
423450
423670
424050
424070
424220
426110
426340
426650
426900
427090
427630
427720
428030
428050
428090
429630
430040
430430
431420
432220
432530
432660
432810
432970
433050
433860
434080
434550
434760
435090
435130
435220
435390
435520
436130
436170
436310
436700
436720
436730
436800
436810
436880
437050
437860
438050
438170
438230
438250
438380
438590
439760
439780
440350
441370
441520
443230
449190
450510
451380
451810
451820
452280
453640
453760
454300
454360
454490
454590
454760
454920
454980
455420
455510
455620
455630
455660
455920
455950
456020
456030
456100
456290
456400
457000
457040
457350
457800
458010
458080
458120
458880
458930
459320
459380
459560
459860
460180
460350
460450
460500
460980
461300
461330
461420
461470
461660
462360
463080
463330
464140
464250
464390
464550
464930
465090
465120
465400
465420
465460
465470
465550
465560
465940
465950
466440
466460
466510
466930
467070
468180
468890
469620
469680
469750
470160
470570
471610
471880
471900
472850
473790
473980
474770
474850
474860
475110
476250
476500
476690
476910
478200
479030
479190
479220
480470
482370
482770
482790
483830
484360
485050
485070
485710
487390
487410
487470
487510
488110
488800
489030
489350
489540
489620
489640
490830
491230
491320
491600
492380
493090
493360
493600
493860
493910
493940
494340
494400
494480
494550
494860
494950
495100
495270
495860
495880
496090
497330
497600
497770
498010
498290
498420
498880
499050
499320
499930
500330
500490
500510
500650
500830
501000
501130
501240
501360
501490
502260
502390
503040
503170
503250
503260
503500
503670
503740
503760
503790
503810
503930
504200
504590
504740
505130
505720
505790
505890
506070
506180
506770
506860
507130
507310
507540
508640
508920
509810
510160
510260
510470
510640
510690
510720
510950
511000
511710
511880
511970
512140
512500
512950
512980
513280
515050
515280
515880
516340
516350
516490
516630
516660
516670
516990
517250
517390
517410
517690
518070
518420
519050
519100
519880
520070
520160
520260
520420
520570
520740
521070
521240
521370
522480
522600
522680
522910
523260
523950
524000
524130
524210
524410
524530
524550
524570
524860
524880
525490
531210
531220
531870
532010
532140
532280
532860
533100
533140
534180
534970
535450
535470
535610
535660
535790
535810
536330
536390
536550
536860
536880
537240
537570
538340
538380
538420
538440
538450
538580
538740
538890
539230
539250
540030
540170
540200
540210
540630
540670
541120
541250
541820
541890
541950
542140
542390
542510
542810
543080
543830
543850
543990
544010
544430
544450
544700
545190
545810
547350
551900
553510
555020
555110
555910
556170
556430
556660
556930
557220
557540
557560
557710
557800
557840
557910
557980
558280
558430
558500
558710
558770
558900
558980
559690
559700
560520
560610
560780
560980
561580
561710
561820
562080
562170
563110
563290
563630
563770
563980
563990
564240
564800
565420
565440
565480
565850
565940
565990
566770
566840
567410
567440
568210
568620
568790
568870
569170
569470
569580
569620
569650
569670
569880
570080
571090
571270
571480
571490
571640
571700
572140
572150
572200
572460
573220
573250
573310
573480
573560
573630
573990
574130
574340
575180
575220
576330
576680
576900
576970
577200
577650
578840
579460
579550
579600
579970
580070
580110
580250
580550
580810
580920
582000
582120
582140
582180
583020
583050
583710
583940
584590
584610
584830
584870
585320
585380
585400
585530
586370
586510
587340
587600
588220
588530
588740
590260
591590
592210
592590
592880
592950
593080
593350
594250
594520
594670
596030
596060
596510
596550
596900
596920
596930
597080
597130
597880
598380
598650
598750
598830
599030
599110
599500
599680
599920
600160
600400
600730
601070
601090
601720
603440
603540
603600
603690
603980
604020
604080
604320
604440
604470
604940
605010
605070
605170
605420
605440
605570
605890
606170
606220
606290
606530
606740
607220
607540
607710
607730
608740
609380
609470
609750
609770
609980
610990
611590
611650
611890
612280
612360
612420
612830
612850
612950
613340
613990
614010
614230
614590
615030
615100
615360
615430
615440
615960
616070
616080
616100
616340
616730
617010
617070
617200
617540
617730
618110
618580
618810
619760
620030
620160
620250
620300
620400
620440
622050
622570
622780
622860
622900
622940
623220
623770
623980
624140
624150
624480
625020
625210
625260
625290
625390
625440
625570
625750
626000
626230
626590
626670
627340
627610
627990
628220
628680
629260
629390
629510
629610
630000
630250
630410
630580
630760
630840
630880
630990
631190
631300
631890
632030
632810
632890
633070
633090
633200
633590
633610
633830
634020
634820
635230
635740
635840
636060
636280
636650
636770
638370
638430
638660
639200
639210
639510
639580
639660
640020
640730
642810
643580
643770
643790
644730
644840
644940
645140
645300
645560
645950
646060
646130
646190
646290
646340
646390
646690
646870
646880
646990
647520
647580
648030
648520
648540
648860
648970
649070
649090
649290
649500
649780
649830
650560
650640
650710
651410
651450
658460
664880
666830
666970
667280
667480
668160
670040
670300
670360
670690
670860
671210
671410
671910
672200
672560
673030
673080
673410
673710
673790
674070
674080
674560
675190
675250
675520
676950
678700
686460
689420
689510
689690
690720
690990
691290
691400
691970
692520
692940
692960
693200
693220
693660
693900
694100
694350
694360
695030
695730
695840
696290
696610
696920
697170
697720
698120
698290
698460
699030
699440
700150
700370
700500
700550
701000
701520
701560
701640
701650
701750
702000
702590
702920
703390
703830
704240
704330
704570
704870
705140
705360
705580
705590
705900
706660
706830
706860
707250
707840
708040
708320
708350
708410
708460
708980
709320
710680
711250
711340
711360
712800
713000
713300
713880
713990
714160
714900
715130
715450
715750
716120
716320
716820
716880
717500
718820
718950
720140
720260
721330
721490
721770
721910
721930
722610
722650
723120
723550
724230
724240
724380
724620
725130
725150
725310
725860
726240
726310
726440
726470
726530
726670
727160
727260
727270
727600
727710
727770
728080
728430
728500
729830
730020
730230
730540
730640
730940
731350
731370
731990
733000
733130
733330
733600
733830
733950
734060
734130
734520
734530
735390
735400
735690
736270
736310
736870
737770
738120
738780
738890
739140
739230
739300
739970
740210
740440
740680
740850
741050
741060
741530
741980
742000
742160
742370
742910
743490
743590
743870
744080
744090
744160
745170
745310
745780
746150
746160
746170
746250
746970
747300
747530
747680
748000
748170
748190
748710
748900
749490
749530
749630
749640
750480
750750
751040
751070
751770
755120
757970
758110
758360
758520
759020
759300
759380
759420
759470
759670
759910
760190
760260
760590
760830
760910
761240
761400
761530
761560
761680
762530
763170
763260
763920
763940
763960
764530
764620
765080
765760
766880
768160
768680
769120
769860
770840
771210
771740
771880
772030
772040
772140
772250
772310
772330
772350
772370
772520
772660
773100
773160
773350
773680
773860
775240
775250
775360
775470
775510
775700
776010
776030
776090
777070
777490
777680
778490
778560
778660
779080
779630
779750
779900
780250
780470
780490
780650
781390
781470
781970
782550
783130
783490
784980
785010
785200
785630
785980
786300
786430
786550
786730
786860
787660
787830
788290
788460
791220
791250
791520
791560
791650
793120
793580
793790
794280
794590
794610
795020
795170
797210
797230
800460
802420
803670
803810
803970
804340
804390
804450
804500
804790
804820
805130
805250
805560
805620
805930
806410
806440
806980
809190
809290
809670
809820
809860
809910
809980
810110
810150
810260
810370
811050
812050
813330
813870
813950
814520
814930
815060
815340
816440
816470
816540
816950
816970
817050
817320
817570
818000
818110
819000
819350
819450
819490
819580
820060
820430
821590
823860
826510
832060
833780
833880
835280
835780
836680
836710
837870
838060
838400
838450
838930
839000
839190
839950
840280
840460
841080
841170
841240
841850
841940
842090
842160
842340
842550
843070
843330
844460
844710
844840
845470
845710
845990
846140
846290
846520
847110
847400
847440
847640
847700
848130
849040
849370
849570
849750
850020
850750
851620
852440
852710
852830
852970
853650
853890
854420
854800
854820
855120
855680
856030
856180
856700
856780
857250
857640
857830
857910
858110
858350
858790
858990
859110
859240
859910
860060
861130
861990
862090
862430
862510
862550
862820
863330
863360
863370
863610
863820
863910
864330
864720
865380
865920
866810
866820
868030
868540
868750
868790
868900
869210
869360
870300
870960
871130
871830
871970
872120
872290
872640
872650
872860
872870
873100
873300
873340
873400
873570
874070
874110
874470
875330
875560
875650
876510
876660
877090
877210
877700
877740
877770
878040
878070
878130
878260
878530
878600
879180
879490
879550
880170
880290
880710
880760
881030
881070
881340
881800
881950
881990
882450
882540
882650
883340
883570
883700
883820
884490
884510
884540
885130
885300
885540
885980
886030
886170
886190
886400
886750
887070
887190
887760
888680
889010
889580
889590
889940
890100
890430
890460
890960
890990
891900
891910
892140
892220
892430
892530
892620
893410
893780
893820
894130
894280
894400
894550
894850
895530
895540
897130
898030
898060
898100
898560
898730
898820
898880
899250
900250
900260
900280
903590
903820
903940
903980
904460
904620
904730
905040
905100
905420
905780
907290
907360
907490
907740
907800
908570
908580
908640
908650
909450
909550
909650
909870
910740
911540
911820
911980
912330
912880
912910
912970
913020
913050
913140
913510
913620
914360
915000
915050
915250
915520
915980
916200
916300
917110
917970
918390
918420
918710
919210
919420
919520
919700
919740
920650
921410
921610
921620
921650
922600
922940
923220
923280
923600
924240
924690
925720
926460
926510
927070
927090
927100
927110
927140
927590
927820
927870
927940
928050
928080
928870
929090
930130
930260
930720
930890
931460
931900
932000
932030
932060
932230
932460
932580
933170
933370
933580
934900
935600
936240
936250
936750
936920
937250
938060
938090
939010
939070
939340
939630
939770
939910
940030
940250
940510
941010
941420
941450
941660
942000
942420
942460
942820
943020
944170
944570
944660
945190
945350
951710
953390
954200
954230
954290
954370
954460
954480
954510
954540
954550
954630
955910
956290
956840
957040
957210
957340
957450
957870
958030
958340
958430
958460
959780
960790
961020
961320
961340
961350
961360
961370
961500
961520
962100
962190
962590
963420
963580
964000
964200
964280
964510
964540
964580
964780
965530
965790
966030
966620
968750
969160
969170
969280
969440
969550
969850
970080
970270
970520
970700
970780
971730
972090
972130
972310
972530
972640
972840
972980
973020
973330
973430
973460
974260
974510
974560
974630
975440
975450
975480
975780
976480
976810
976910
977010
977280
977330
977710
978240
978600
981070
981150
981360
985270
985450
985550
985700
985750
986050
986970
987650
988350
988630
988720
988990
989320
989360
989530
989670
989730
989980
990010
993700
994330
996480
996520
996670
998390
998870
998900
999370
999440
1000060
1000560
1000570
1000730
1000840
1000920
1001210
1001510
1001610
1001850
1002400
1003030
1003110
1003280
1003500
1003550
1003720
1003930
1004720
1005150
1005270
1005280
1005880
1005960
1006300
1006480
1006540
1006870
1006910
1007020
1007310
1007410
1007500
1007620
1008040
1008170
1009250
1009280
1009620
1010630
1010720
1011060
1011690
1011770
1011800
1012230
1012740
1013010
1013080
1013850
1014120
1014910
1015000
1015560
1015810
1016050
1016220
1016240
1016580
1016640
1017280
1017310
1017470
1017530
1017570
1017710
1017830
1018030
1018100
1018140
1018180
1018190
1018650
1018920
1018940
1019140
1019470
1019770
1019800
1019840
1019870
1020700
1021730
1021960
1021980
1021990
1022950
1023170
1023430
1023810
1023820
1023830
1024420
1025080
1025180
1025720
1026000
1026460
1026570
1026700
1026990
1027040
1027150
1027630
1027740
1027940
1028190
1028450
1028670
1028960
1029200
1029590
1029880
1030070
1030130
1030570
1031060
1031150
1031430
1031980
1032550
1032600
1032990
1033180
1033550
1034070
1034180
1034680
1035040
1035140
1035620
1035740
1035870
1036160
1036650
1036940
1037220
1037390
1037490
1037580
1038030
1038270
1038420
1039050
1039630
1039820
1040220
1040660
1040790
1040920
1041090
1041180
1041410
1041420
1042120
1042340
1042660
1043650
1043670
1043770
1044050
1044320
1044650
1044990
1045200
1045460
1045570
1045710
1046020
1046160
1046450
1046780
1046810
1047000
1047080
1047500
1047590
1047980
1048010
1048030
1048190
1051370
1051510
1051720
1052060
1054680
1054880
1058620
1058700
1059050
1059210
1059650
1059670
1059870
1059940
1059950
1060040
1060140
1060410
1060420
1060430
1061290
1061560
1061770
1062600
1062930
1064470
1064830
1065300
1065330
1065790
1065800
1066270
1066560
1066590
1066640
1068970
1069590
1069950
1070420
1071450
1071630
1073260
1073290
1073750
1073830
1073880
1073940
1073980
1074020
1074450
1074570
1074580
1074760
1075340
1075440
1075490
1076030
1076390
1076400
1076960
1077220
1077380
1077500
1078120
1078160
1078230
1078300
1078540
1078620
1078650
1078690
1078700
1078710
1078720
1078790
1078880
1078900
1078940
1078980
1078990
1079020
1079170
1079680
1079700
1080210
1080260
1080300
1080500
1080620
1080650
1080980
1081390
1081570
1081640
1081700
1081980
1082060
1082080
1082380
1082950
1083370
1083390
1083530
1083540
1083660
1083680
1083780
1084000
1084230
1084390
1084500
1084780
1085020
1085030
1085060
1085100
1085810
1085980
1086020
1086200
1086380
1086880
1087180
1087260
1087390
1087430
1087880
1087930
1088270
1088300
1088500
1088580
1088690
1088970
1089610
1089900
1090040
1090400
1090430
1090890
1091000
1091310
1091600
1092010
1092810
1092940
1092960
1093090
1093100
1093200
1093210
1093460
1093540
1093740
1094090
1094240
1094330
1094650
1095270
1095310
1095390
1095580
1095730
1095740
1095830
1095910
1096250
1096660
1096820
1096880
1097440
1097680
1097700
1097720
1098020
1098590
1098780
1098920
1098930
1099000
1099020
1099490
1099520
1099540
1099570
1099610
1099650
1099760
1099930
1100080
1100100
1100280
1100310
1100580
1100720
1100730
1101070
1101410
1101560
1101860
1102010
1102120
1102170
1102180
1102300
1102560
1102570
1102710
1103170
1103190
1103220
1103380
1104240
1104300
1104540
1104950
1105170
1105230
1105680
1106040
1106050
1106270
1106810
1107080
1107150
1107410
1107770
1107960
1108290
1108340
1108670
1108830
1109390
1110040
1110260
1110440
1110480
1110960
1110970
1111230
1111240
1111560
1111700
1112140
1112290
1112300
1112310
1112510
1113180
1113260
1113590
1114250
1114470
1114600
1114780
1114840
1114970
1115410
1115680
1115740
1116000
1117050
1118210
1118370
1119050
1119420
1119510
1119580
1120510
1120890
1121700
1121830
1122060
1122380
1123670
1123690
1123720
1123930
1124200
1124340
1124460
1124470
1124480
1125300
1125440
1125660
1125680
1126410
1126460
1126480
1126670
1126960
1127000
1127670
1127770
1127780
1128030
1128760
1128930
1129300
1133720
1135080
1136400
1137340
1137380
1137430
1138050
1138110
1138160
1138350
1138840
1138860
1138950
1139040
1139250
1139500
1139750
1140010
1140040
1140560
1140650
1140680
1140980
1141200
1141370
1141520
1141610
1141680
1142260
1142520
1142540
1142670
1142690
1142700
1143830
1143950
1144190
1144320
1144430
1144830
1144930
1145470
1145890
1146190
1146580
1147160
1147730
1147990
1148240
1148610
1148790
1149060
1149870
1150020
1150150
1150210
1150330
1150410
1150880
1151420
1151790
1152030
1152060
1152170
1152350
1152390
1152850
1152860
1152960
1154070
1154620
1156150
1157060
1157240
1157370
1157530
1157770
1160210
1161310
1161350
1161470
1161530
1161850
1162040
1162060
1162550
1162740
1162870
1163010
1163110
1163120
1163390
1163410
1163420
1163450
1163540
1163840
1164320
1164420
1164510
1164790
1164820
1164900
1165250
1165480
1165710
1165770
1165810
1166020
1166150
1166280
1166300
1166330
1166560
1166610
1166770
1166810
1166850
1166880
1166930
1167160
1167200
1167240
1167480
1168260
1168460
1168890
1169080
1169350
1169550
1169660
1169700
1169910
1170480
1171170
1171780
1171830
1171850
1172200
1172320
1172670
1172740
1172970
1173160
1173290
1173520
1173670
1174840
1174960
1175020
1175270
1175440
1175560
1176350
1176550
1176830
1177090
1177120
1177230
1177360
1177410
1177440
1177530
1178040
1178080
1178350
1178420
1179360
1179510
1179590
1179780
1179900
1180050
1180640
1180770
1181050
1181150
1181500
1181700
1181730
1181760
1182100
1182150
1182160
1182220
1182450
1182550
1182730
1182840
1182880
1182950
1183180
1183250
1183290
1183310
1183460
1183730
1183820
1183860
1183990
1184080
1184380
1184830
1184870
1185030
1185040
1185050
1185130
1185310
1185550
1185720
1185970
1185980
1186060
1186120
1186520
1186620
1186750
1186970
1186980
1187020
1187210
1187450
1187500
1188110
1188530
1188570
1188640
1188770
1188810
1188910
1189150
1189300
1189400
1189530
1189940
1190260
1190360
1190450
1190520
1190730
1191090
1191150
1191290
1191360
1191530
1193400
1194290
1195260
1196180
1196330
1196840
1196870
1199020
1199070
1199190
1199230
1199440
1199570
1199810
1200310
1200480
1200500
1201070
1201440
1201460
1201480
1201670
1201680
1201780
1202350
1202910
1203000
1203010
1203700
1203870
1204020
1204240
1204260
1204340
1204420
1204460
1205080
1206210
1207140
1207220
1207670
1207830
1208210
1208360
1209310
1209580
1209690
1210180
1210810
1210840
1210940
1211000
1211080
1211090
1211140
1211150
1211260
1211290
1211850
1212060
1212340
1212980
1213010
1213090
1213190
1213200
1213410
1213520
1213800
1213970
1214770
1215040
1215080
1215420
1215470
1215840
1216170
1216410
1218190
1218340
1218910
1219470
1219670
1220380
1220810
1220860
1220950
1220960
1221000
1221010
1221020
1221040
1221750
1222110
1222410
1222590
1222820
1223170
1223330
1223400
1223460
1223510
1223730
1224230
1224300
1224460
1224950
1225500
1225760
1225900
1226050
1226270
1226280
1226290
1226300
1226310
1226320
1226330
1226340
1226350
1226360
1226410
1226430
1226570
1226900
1227140
1227180
1227540
1227640
1227710
1227770
1228650
1228980
1229000
1229400
1229770
1230260
1230470
1230600
1231200
1231510
1231830
1231860
1232190
1232880
1233390
1233490
1233520
1233730
1233860
1233960
1234470
1234710
1235070
1235320
1235370
1235380
1235580
1235650
1235780
1235850
1235960
1236460
1236940
1237340
1237350
1237360
1237620
1237910
1237930
1237940
1238120
1238170
1238410
1238550
1239190
1239340
1239410
1239420
1239650
1239770
1240330
1240540
1240580
1240670
1240870
1241170
1241360
1241680
1241920
1242990
1243330
1243720
1243860
1243990
1244020
1244540
1244750
1244820
1244940
1245680
1245710
1245830
1246010
1246430
1246550
1246920
1247050
1247990
1248110
1248290
1248410
1248470
1248600
1248980
1249600
1249960
1250000
1250130
1250190
1250840
1251260
1251650
1251820
1252110
1252150
1252500
1252620
1253290
1253310
1253660
1253850
1253890
1254550
1254800
1254960
1255190
1255290
1255580
1255690
1255860
1256260
1256460
1256540
1256570
1256580
1256880
1256990
1257020
1257260
1257960
1258120
1258160
1258330
1258380
1258600
1258630
1258680
1258810
1258860
1258880
1259720
1260640
1260760
1260870
1261330
1261810
1261890
1262250
1262680
1262700
1262710
1262950
1263380
1263470
1263480
1263670
1264070
1264530
1264540
1264690
1264950
1265400
1265490
1265610
1265760
1265880
1266550
1266620
1266660
1266970
1267150
1267190
1267200
1267320
1267420
1267430
1267450
1267520
1267570
1267610
1268080
1268090
1268170
1268220
1268310
1268320
1268440
1268480
1268720
1268740
1268760
1268890
1268930
1268950
1269000
1269060
1269160
1269170
1269210
1269330
1269340
1269430
1269460
1269610
1269670
1269680
1269860
1270060
1270260
1270400
1270410
1270470
1270530
1270600
1270630
1270640
1270700
1271490
1272950
1274790
1275420
1277270
1277780
1278560
1278640
1278660
1279600
1279870
1279900
1280140
1280580
1280690
1280740
1281440
1281460
1281550
1281720
1282070
1282310
1282420
1282640
1282660
1283340
1283570
1283670
1283870
1284220
1284420
1284560
1284930
1285120
1285170
1285470
1285570
1285710
1286450
1286500
1286740
1287330
1287660
1287910
1288810
1288880
1288950
1289250
1289410
1289420
1289630
1290020
1290280
1290300
1290470
1290500
1290810
1291270
1291390
1291430
1291580
1291650
1291820
1291940
1292000
1292110
1292330
1292360
1292370
1292380
1292470
1292530
1292570
1292580
1292800
1292810
1292820
1292830
1292870
1292930
1292990
1293010
1293020
1293090
1293200
1293210
1293270
1293290
1293470
1293490
1293550
1293770
1293810
1294100
1294250
1294290
1294330
1294400
1294430
1294490
1294570
1294640
1294700
1294710
1294730
1294840
1294850
1294900
1294960
1294980
1295050
1295090
1295150
1295200
1295310
1295360
1295370
1295410
1295470
1295550
1295590
1295770
1295780
1295940
1295970
1295980
1296000
1296210
1296240
1296270
1296310
1296350
1296520
1296590
1296750
1296780
1296800
1296850
1296910
1296950
1296990
1297020
1297060
1297100
1297110
1297140
1297150
1297280
1297290
1297420
1297500
1297510
1297580
1297610
1297690
1297880
1297940
1297980
1298110
1298120
1298150
1298230
1298250
1298330
1298370
1298460
1298570
1298580
1298630
1298760
1298800
1298810
1298860
1298910
1298970
1299020
1299350
1299440
1299470
1299490
1299830
1299920
1300320
1300510
1301350
1301570
1301750
1302100
1302140
1302250
1302260
1302350
1302360
1302390
1302640
1302670
1302740
1302880
1302980
1303040
1303100
1303120
1303290
1303320
1303330
1303340
1303540
1303570
1303580
1303710
1303750
1303840
1303920
1304040
1304200
1304270
1304370
1304380
1304760
1304860
1304950
1304970
1305020
1305110
1305160
1305400
1305480
1305550
1305560
1305670
1305700
1305710
1305770
1305790
1305830
1305980
1306080
1306090
1306170
1306190
1306650
1306700
1306800
1307010
1307040
1307800
1307910
1307950
1308020
1308310
1308430
1308710
1308970
1309010
1309180
1309220
1309480
1309560
1309600
1309630
1309640
1309650
1309740
1309800
1310030
1310070
1310090
1310200
1310240
1310250
1310260
1310360
1310400
1310420
1310440
1310530
1310540
1310570
1310600
1310610
1310640
1310660
1310680
1310710
1310750
1310780
1310800
1310810
1310820
1310850
1310880
1310930
1310980
1311000
1311010
1311020
1311040
1311050
1311060
1311110
1311450
1311480
1311500
1311750
1311850
1311890
1311900
1311950
1311980
1312030
1312100
1312110
1312120
1312220
1312280
1312330
1312350
1312390
1312400
1312520
1312560
1312580
1312590
1312620
1312640
1312650
1312680
1312690
1312700
1312710
1312730
1312770
1312800
1312810
1312830
1312850
1312860
1312870
1312890
1312970
1313000
1313100
1313170
1313220
1313250
1313320
1313390
1313410
1313430
1313450
1313510
1313550
1313650
1313680
1313720
1313750
1313780
1313790
1313830
1313890
1313900
1313920
1313930
1313980
1313990
1314020
1314030
1314100
1314120
1314220
1314260
1314280
1314330
1314380
1314390
1314570
1314580
1314610
1314640
1314740
1314750
1314810
1314910
1314920
1314960
1315020
1315060
1315190
1315340
1315380
1315420
1315450
1315490
1315500
1315530
1315590
1315690
1315820
1315850
1315880
1316010
1316120
1316410
1316420
1316580
1316590
1316620
1316630
1316660
1316690
1316790
1316890
1316900
1316920
1316930
1316940
1316960
1316980
1316990
1317030
1317050
1317090
1317110
1317130
1317140
1317170
1317190
1317220
1317320
1317350
1317370
1317410
1317440
1317510
1317540
1317860
1317870
1317880
1317910
1317990
1318010
1318040
1318070
1318080
1318310
1318330
1318340
1318350
1318370
1318410
1318440
1318460
1318470
1318490
1318540
1318640
1318650
1318710
1318770
1318810
1318830
1318850
1318900
1318910
1318930
1318950
1319020
1319070
1319080
1319090
1319110
1319120
1319170
1319190
1319240
1319340
1319360
1319740
1319860
1320040
1320050
1320090
1320180
1320220
1320270
1320370
1320380
1320480
1320570
1320590
1320610
1320620
1320630
1320660
1320680
1320720
1320740
1320750
1320800
1320840
1320860
1320870
1320900
1320920
1320930
1320960
1320970
1320980
1321000
1321050
1321060
1321100
1321130
1321140
1321150
1321190
1321210
1321240
1321250
1321260
1321280
1321300
1321310
1321330
1321340
1321380
1321390
1321410
1321420
1321430
1321470
1321480
1321490
1321500
1321510
1321560
1321640
1321670
1321710
1321720
1321730
1321740
1321750
1321820
1321830
1321850
1321860
1321900
1321930
1321950
1321960
1322130
1322140
1322150
1322200
1322210
1322230
1322240
1322360
1322380
1322390
1322400
1322420
1322480
1322560
1322570
1322610
1322620
1322630
1322660
1322690
1322710
1322720
1322750
1322760
1322800
1322810
1322840
1322850
1322860
1322870
1322880
1322890
1322920
1322930
1322940
1322950
1322980
1322990
1323010
1323020
1323040
1323070
1323090
1323120
1323150
1323160
1323170
1323260
1323280
1323290
1323310
1323330
1323340
1323430
1323450
1323500
1323520
1323550
1323560
1323570
1323590
1323640
1323650
1323680
1323690
1323700
1323750
1323780
1323850
1323890
1323970
1323980
1324020
1324100
1324200
1324210
1324220
1324230
1324250
1324260
1324280
1324290
1324300
1324310
1324430
1324440
1324520
1324580
1324600
1324640
1324680
1324690
1324800
1324850
1324880
1324910
1324920
1324930
1324960
1324990
1325010
1325020
1325050
1325060
1325090
1325110
1325150
1325160
1325240
1325250
1325330
1325360
1325390
1325460
1325490
1325510
1325590
1325600
1325630
1325650
1325660
1325670
1325710
1325740
1325750
1325760
1325770
1325780
1325820
1325830
1325840
1325850
1325980
1325990
1326010
1326020
1326040
1326070
1326090
1326100
1326120
1326130
1326140
1326150
1326160
1326180
1326200
1326210
1326230
1326250
1326280
1326310
1326320
1326370
1326380
1326390
1326400
1326410
1326430
1326440
1326450
1326460
1326480
1326490
1326500
1326530
1326540
1326550
1326560
1326570
1326580
1326590
1326610
1326620
1326630
1326680
1326690
1326750
1326790
1326800
1326820
1326840
1326860
1326880
1326900
1326980
1327060
1327070
1327110
1327160
1327170
1327180
1327220
1327250
1327270
1327360
1327380
1327460
1327480
1327500
1327520
1327550
1327560
1327590
1327620
1327670
1327680
1327690
1327750
1327800
1327850
1327860
1327880
1327900
1327910
1327990
1328080
1328160
1328180
1328240
1328290
1328310
1328320
1328360
1328370
1328390
1328600
1329650
1330110
1331830
1332550
1334210
1335470
1335620
1336110
1336260
1337040
1337110
1337700
1337960
1338690
1338810
1339470
1339710
1339740
1339830
1340190
1340270
1340710
1340880
1341000
1341020
1341730
1341950
1341990
1342210
1342350
1342370
1342420
1342610
1342780
1342950
1343170
1343840
1344160
1344240
1344360
1344560
1344700
1345110
1345790
1346430
1346490
1346640
1346810
1347280
1347910
1347930
1348010
1348210
1348310
1348580
1348940
1349240
1349330
1349360
1349550
1350130
1350420
1350640
1351760
1351940
1352390
1352550
1352640
1353260
1353340
1353380
1356130
1357080
1358480
1358720
1358980
1359290
1359490
1359550
1359560
1360300
1360920
1361890
1361940
1362060
1362140
1362210
1362230
1362820
1363010
1363280
1364040
1364080
1364410
1364530
1364880
1364910
1364920
1365640
1365820
1365910
1366140
1366220
1366620
1366890
1367440
1367470
1367500
1367510
1367810
1367870
1368250
1368290
1368520
1368530
1368600
1368680
1369930
1369940
1371150
1371360
1371840
1372240
1372340
1372440
1372760
1372770
1372970
1373010
1373130
1373330
1373370
1373570
1373730
1374180
1374210
1374530
1374780
1374980
1375980
1376050
1376100
1376130
1376190
1376330
1376380
1376410
1376440
1376510
1376600
1376780
1377400
1378130
1378300
1378310
1378640
1378770
1378970
1379010
1379090
1379250
1379340
1379860
1379910
1380080
1380100
1380240
1380270
1380570
1380640
1380870
1380920
1380930
1381160
1381250
1381390
1381420
1381540
1381700
1381730
1381870
1381940
1381960
1382060
1382150
1382470
1382520
1382580
1383000
1383130
1383210
1383320
1383350
1383360
1383460
1383560
1383590
1383820
1384270
1384280
1384410
1384470
1384730
1384850
1385040
1385200
1385230
1385240
1386250
1386690
1387550
1387660
1388500
1388800
1388820
1388980
1389150
1389250
1389590
1389660
1390240
1390330
1390550
1390750
1390800
1391010
1391030
1391290
1391780
1391920
1391950
1392010
1392050
1392180
1392630
1392640
1392810
1392880
1392890
1392900
1392930
1392950
1393190
1393510
1393700
1393720
1393730
1393920
1394080
1394200
1394220
1394560
1394670
1394710
1394730
1394770
1394820
1394840
1394850
1394910
1395210
1395350
1395620
1395650
1395820
1395880
1395910
1395970
1396090
1396200
1396220
1396320
1396620
1396900
1396940
1397020
1397080
1397090
1397100
1397120
1397310
1397400
1397420
1397430
1397610
1397670
1397700
1397780
1398090
1398160
1398240
1398250
1398350
1398640
1399290
1399310
1399350
1399560
1399890
1399950
1399970
1400370
1400410
1400420
1400470
1400570
1400600
1400860
1401140
1401260
1401310
1401470
1401540
1401550
1401600
1401660
1401850
1401900
1402070
1402100
1402140
1402150
1402180
1402210
1402220
1402260
1402300
1402310
1402360
1402450
1402470
1402490
1402570
1402590
1402680
1402720
1402730
1402750
1402810
1402860
1402890
1403180
1403200
1403220
1403260
1403290
1403360
1403410
1403420
1403490
1403500
1403560
1403600
1403670
1403690
1403730
1403770
1403780
1403870
1403910
1403930
1403970
1404020
1404060
1404140
1404200
1404420
1404440
1404460
1404470
1404620
1404650
1404670
1404760
1404810
1404860
1404880
1405080
1405120
1405160
1405190
1405230
1405250
1405290
1405370
1405410
1405850
1405880
1405900
1406050
1406070
1406100
1406330
1406480
1406500
1406970
1407010
1407110
1407220
1407230
1407260
1407270
1407510
1407650
1407740
1407770
1407930
1407940
1407980
1408010
1408190
1408280
1408320
1408440
1408460
1408520
1408670
1408740
1408770
1408790
1408800
1408880
1408980
1409060
1409080
1409280
1409750
1409790
1409860
1409920
1410190
1410340
1410350
1410510
1410650
1410690
1410780
1410930
1410970
1411120
1411210
1411300
1411310
1411540
1411930
1412050
1412320
1412430
1412730
1413920
1414100
1414370
1414460
1414810
1414860
1415040
1415060
1415290
1415490
1415610
1415940
1416010
1416250
1416320
1416370
1416660
1416790
1416880
1417290
1417410
1417430
1417440
1417470
1417480
1417710
1417800
1417920
1417980
1418000
1418080
1418120
1418130
1418370
1418550
1418560
1418770
1418910
1418930
1418940
1419240
1419400
1419890
1420250
1420380
1420410
1420520
1420620
1420940
1421010
1421040
1421050
1421060
1421090
1421150
1421560
1421680
1421950
1421990
1422030
1422140
1422470
1422530
1422800
1422870
1422890
1422900
1423040
1423130
1423320
1423460
1423490
1423520
1423530
1423580
1423700
1423710
1423740
1424090
1424160
1424260
1424280
1424390
1424410
1424460
1424490
1424670
1424760
1424810
1425020
1425060
1425310
1425400
1425530
1425610
1425680
1425900
1426030
1426150
1426380
1426420
1426520
1426550
1427110
1427260
1427280
1427330
1427690
1427720
1428010
1428050
1428280
1428350
1428380
1428430
1428450
1428620
1428830
1428910
1429050
1429110
1429250
1429420
1429430
1429460
1429590
1429650
1429690
1429770
1429900
1429920
1429930
1429940
1430080
1430210
1430260
1430430
1430510
1430550
1430650
1430870
1431520
1431640
1432010
1432370
1432690
1432700
1432720
1432820
1432900
1432920
1432990
1433060
1433150
1433160
1433220
1433230
1433360
1433370
1433380
1433590
1433780
1433790
1433800
1433810
1433820
1433920
1434100
1434110
1434210
1434360
1434400
1434420
1434640
1434700
1434710
1434740
1434860
1434920
1435190
1435200
1435350
1435360
1435380
1435390
1435570
1435740
1435760
1435830
1435890
1436010
1436030
1436130
1436140
1436250
1436260
1436270
1436350
1436380
1436430
1436500
1436530
1436560
1436630
1436720
1436730
1436820
1437110
1437140
1437230
1437300
1437360
1437440
1437470
1437510
1437530
1437540
1437590
1437630
1437670
1437730
1437740
1437800
1437900
1437910
1437920
1437930
1438030
1438080
1438170
1438200
1438300
1438310
1438320
1438360
1438380
1438400
1438460
1438490
1438500
1438520
1438540
1438560
1438580
1438600
1438640
1438720
1438740
1438790
1438840
1438880
1438890
1438900
1438910
1438920
1438990
1439080
1439110
1439140
1439200
1439240
1439250
1439410
1439470
1439510
1439560
1439580
1439640
1439650
1439730
1439770
1439820
1439830
1439870
1439890
1439910
1439940
1440060
1440120
1440140
1440180
1440270
1440460
1440490
1440540
1440590
1440650
1440660
1440690
1440740
1440770
1440900
1440960
1440970
1441070
1441080
1441170
1441220
1441260
1441310
1441380
1441390
1441420
1441580
1441640
1441810
1441860
1441960
1442030
1442110
1442200
1442260
1442400
1442440
1442580
1442830
1442860
1442960
1443140
1443230
1443480
1443520
1443670
1443800
1443870
1444240
1444280
1444330
1444340
1444380
1444400
1444440
1444460
1444470
1444520
1444930
1444960
1444970
1445200
1445220
1445640
1445710
1445970
1446020
1446740
1446940
1447220
1447320
1447450
1447560
1447660
1447720
1447840
1447850
1448010
1448210
1448380
1448660
1448720
1448930
1449080
1449120
1449860
1450550
1456070
1456240
1456620
1456850
1456960
1457250
1457970
1458470
1458570
1459190
1459270
1459310
1459730
1459860
1460430
1460590
1460720
1460980
1461250
1461660
1462300
1462590
1462630
1462770
1463070
1463200
1464020
1464530
1464660
1464920
1466910
1467640
1467750
1467910
1468210
1468300
1468590
1469640
1469720
1470440
1470700
1471060
1471090
1471330
1471400
1471890
1472750
1472900
1473340
1473460
1473990
1474040
1474170
1474210
1474230
1474330
1474370
1474560
1474960
1476740
1476990
1478290
1478430
1484930
1436100
1468170
1443560
1409660
1443930
1483530
1455150
1403980
1339240
1485000
1462500
924060
1484710
1467180
1466020
1470890
1487340
1379990
1451690
1456010
1486220
1488990
1340790
1488210
1488120
1488460
1476270
1489050
1229980
1485710
1485410
1490560
1362530
1490320
1467690
1421750
1488520
1491610
1464800
1489270
1490220
1491370
1491740
1491240
1423160
1490150
1491310
1461830
1264380
1484860
1490140
1491590
1479380
1433700
1490230
1494040
1469480
1497060
1493180
1443440
1324750
1402500
1491440
1496740
1492880
1497540
1460320
1496880
1490660
1457850
1497470
1497300
1497690
1353580
1494490
1492520
1480000
1495550
1485700
1456990
1499600
1499670
1500710
1500040
1501180
1495410
1494340
815960
1501190
1423190
1482760
1501450
1000740
1499650
1179700
1498370
1471100
1503050
1503760
1468360
1494360
1497310
1503420
1501430
1498750
1493630
1471140
1484160
1503690
1497150
1509910
1441140
1399050
1503330
1482070
1504330
1512870
1435400
1514670
1512160
1484630
1504160
1514260
1513920
1515350
1514270
1517280
1514750
1514800
1495880
1512980
1499050
1515270
1507750
1513630
1487130
1504120
1516380
1514350
1518660
1516570
1473950
1515550
1486740
1486650
1519100
1514570
1520910
1487040
1514770
1514990
1250820
1521170
1521180
813070
1516040
1520530
1519600
1488630
1421000
1522610
1514540
1520980
1434120
1523600
1503080
1517620
1523570
1525610
1491840
1523770
1524520
1478100
1486550
825560
1525220
1492390
1520320
1524560
571450
1520300
1525800
1527990
1519460
1528660
1497570
1488890
1520020
1521570
1489760
1527570
1528510
1529500
1527730
1488330
1528390
1528830
1467950
1530060
1529000
1522750
1529690
1527400
1528270
1529010
1497760
1527300
1527330
1259120
1485520
1421400
1458290
1528040
1328270
1528500
1529940
1509170
1519840
1325680
1083630
1529680
1526150
1531810
1304710
1478690
1535020
1512770
1349880
1535050
1416500
1486260
1535760
1510510
1536630
1532880
1484570
1529420
1536580
1538110
1535310
1537460
1479420
1538220
1523340
1534580
1536930
1374270
1535470
1535950
1516540
1531570
1531510
1518960
1525180
1363220
1536650
1479950
1531740
1527480
1536450
1520210
1496940
1515840
1487110
1535530
1539110
1534060
1306220
1530490
1532540
1534310
1320650
1536060
1534360
1540770
1489640
1539530
1538190
1440070
1541230
1518850
1515100
1537730
1528160
1540120
1380130
1534730
1541460
1534530
1541430
1529020
1515520
1445510
1526390
1489650
1532550
1526080
1534190
1539190
1491080
1535750
1534230
1541170
1529520
1483050
1532600
1525340
1535340
1301790
1535140
1420900
1536680
1321700
1540460
1536360
1541500
1529870
1535850
1530480
1535710
1479820
1536410
1428210
1529360
1541820
1541000
1528700
1540810
1541970
1540310
1527310
1540710
1529790
1540590
1541920
1531310
1487600
1407120
1539630
1485850
1520920
1526740
1540750
1534760
1539930
1519390
1519440
1461820
1539670
1459060
1536220
1543140
1521220
1535160
1533020
1531820
1496550
1536490
1518070
1504710
1533820
1514050
1543440
1535120
1533150
1543490
1318630
1531210
1517500
1542540
1529630
1541630
1534790
1526420
1540050
1538120
1522580
1504700
1528870
1524590
1326030
1491940
1540820
1518880
1322960
1496580
1487660
1518270
1526040
1515880
1515080
1360470
1542730
1545840
1515070
1493770
1534280
1541480
1535070
1543900
1547610
1435600
1547400
1546410
1546170
1547660
1530600
1545550
1523610
1543920
1547650
1546680
1316650
1546720
1548450
1547100
1546300
1500990
1548360
1514080
1466250
1550350
1463540
1492400
1548480
1548500
1544270
1550490
1554090
1488880
1554370
1543540
1536160
1541900
1552030
1552880
1459290
1557610
1555120
1519370
1556580
1536400
1556210
1547770
1445610
1289530
1559050
1497620
1555200
1556940
1080540
1558610
1525110
1548250
1562170
1560410
1560030
1558590
1524720
1553300
1549460
1560990
1560180
1560090
1562050
1562250
1560920
1557560
1407350
1435990
1561650
1534970
1556440
1534410
1564300
1530420
1557800
1559210
1544960
1559890
1491990
1312500
1544800
1563990
1539410
1565980
1544550
1566290
1565190
1415910
1562890
1566530
1560610
1566660
1569260
1566080
1566170
1564070
1568120
1566650
1488450
1258850
1491760
1498080
1530900
1569940
1534990
1573020
1571370
1573660
1542620
1573400
1573340
1498540
1570110
1552070
1568760
1559940
1576160
1568140
1559780
1570690
1527610
1575550
1574340
943620
1564200
1541740
1572250
1571300
1539940
1563790
1568160
1567620
1536710
1564440
1546290
1576690
1572480
1576730
1573520
1577370
1560490
1554800
1576010
1578000
1578260
1574940
1579900
1578910
1081480
1579160
1576630
1566420
1575500
1084150
1529150
1536320
1546110
1579940
1529510
1582530
1581870
1489260
1540610
1563020
1570460
1582480
1580810
1583220
1581840
1582860
1579240
1530570
1583760
1486100
1582140
1583750
1582360
1494880
1578360
1586030
1584230
1544350
1587080
1578490
1587230
1574520
1569080
1588230
1578370
1587120
1302870
1584610
1578790
1586500
1570410
1589390
1586380
1586720
1581430
1587990
1588330
1589960
1588150
1589740
1588020
1588990
1592620
1575460
1422330
1534800
1590810
1503830
1552440
1247890
1589980
1593110
1593630
1587250
1587420
1589900
1590060
1572200
1584030
1579360
1595360
1557250
1589130
1280230
1596970
1590650
1536250
1550720
1590980
1596560
1598200
1595820
1568370
1589950
1594540
1595220
1583510
1410750
1596960
1597630
1597700
1570870
1578130
1495650
1534470
1503570
1588890
1570570
1594080
1604200
1604130
1592150
1596420
1585090
1602670
1582670
1562820
1581730
1605410
1418250
1603370
1604980
1571240
1603890
1603610
1584760
1581390
1539910
1606440
1607150
1606900
1485670
1583040
1605180
1592690
1582150
1606480
1568950
1589840
1583200
1608340
1608970
1605670
1610340
1604230
1600340
1609400
1405680
334820
1610640
1613160
1602220
1587520
1555060
1611030
1608930
1614720
1609450
1601610
1608500
1467630
1125010
1557950
1414260
1570780
1533540
1610780
1596470
1606390
1620120
1589870
1577360
1587000
1579740
1363720
1585850
1594450
1610240
1443580
1617180
1605660
1500340
1589780
1571670
1535230
1563580
1627070
1618760
1626650
1553220
1628530
1245410
1459620
1627460
1628150
1569000
1628210
1631310
1628040
1557790
1627160
1583480
1631550
1414880
1630860
1627940
1504060
1632660
1606020
1632390
1435110
1529330
1632270
1628960
1631910
1634730
1634370
1605510
1630350
1626920
1608960
1635330
1633800
1637360
1618770
1637620
1629340
1636830
1638170
1638480
1637430
1631990
1369500
1365790
1633760
1143920
1638550
1609900
1629790
1568150
1594650
1621800
1594160
1634820
1636110
1628920
1408940
1582170
1638960
1642000
1429140
1642140
1643740
1642270
1620990
1631880
1632180
1640510
1641850
1644040
1643430
1643330
1633330
1643110
1546430
1648650
1635870
1574410
1648130
1647370
1647380
1647400
1648910
1585140
1619480
1608420
1640250
1589690
1627960
1636240
1651250
1607350
1649200
1609410
1651150
1628980
1639450
1646530
1647210
1652150
1651550
1485300
1647340
1642780
1650220
1630320
1630300
1630950
1639010
1643730
1643720
1646080
1648370
1639100
1648930
1648740
1649400
1636720
1649040
1645840
1620430
1605650
1590240
1653280
1651800
1652830
1642240
1647140
1650850
1653680
1648820
1634310
1647560
1644470
1644120
1502360
1648170
1605070
1654840
1582450
1648030
1646150
1653810
1648690
1360930
1654300
1580400
1645750
1653440
1655640
1601780
1361550
1646190
1590310
1607410
1631490
1651770
1649560
1652590
1646170
1655350
1652790
1652690
1604670
1605470
1654600
1657070
1633900
1657220
1657440
1606070
1645250
1582110
1313620
1543260
1626750
1628330
1633220
1638980
1643580
1653840
1647580
1649680
1650440
1652410
1653670
1595860
1304700
1636640
1422840
1653150
1656550
1657490
1656290
1655160
1647750
1658270
1632080
1652130
1631460
1657530
1650500
1654870
1551900
1659850
1657670
1659280
1659060
1651590
1656990
1657410
1595450
1608030
1659440
1659130
1407480
1658230
1652610
1658820
1592310
1660320
1653830
1626200
1656710
1654020
1654010
1661010
1659660
1657940
1657790
1645760
1651530
1656940
1647980
1661410
1532020
1647040
1620930
1657390
1589600
1659390
1655320
1659100
1657820
1651370
1661860
1650880
1655860
1653600
1640970
1648710
1536170
1596260
1655680
1465770
1658380
1342320
1624030
1558960
1657660
1662070
1654340
1659870
1651310
1664330
1662330
1658360
1655980
1652180
1658590
1656630
1663880
1664310
1661170
1659310
1659860
1659720
1665230
1518010
1640980
1613970
1664170
1517070
1660540
1651420
1658350
1647850
1601660
1576940
1657470
1656980
1657300
1657180
1665950
1665980
1664290
1602120
1575200
1652240
1533710
1665690
1610750
1655590
1647810
1660700
1661850
1666920
1571470
1657560
1651790
1657400
1656260
1657970
1664260
1646540
1614910
1646840
1665620
1666060
1654610
1666680
1665110
1602310
1652210
1667710
1667140
1549350
1667150
1661960
1666570
1601210
1647570
1651350
1667350
1504560
1652280
1544310
1261350
1636020
1651970
1642860
1658030
1664780
1657890
1666740
1655500
1668050
1657370
1668600
1667640
1655450
1668550
1573510
1591370
1632070
1652360
1658790
1596320
1637450
1637880
1662020
1669540
1666580
1538880
1526310
1584220
1669570
1641290
1647830
1487290
1659220
1654000
1668490
1590410
1656270
1667520
1657190
1637770
1575440
1648630
1663670
1642410
1666160
1642700
1655690
1642720
1606360
1432780
1657340
1319200
1653410
1669010
1613130
1643130
1658140
1664680
1667470
1656150
1658250
1665700
1666560
1669730
1657420
1531320
1643060
1627970
1668400
1653090
1651130
1595720
1638350
1327740
1628160
1633980
1653450
1492110
1619130
1366630
1635280
1642150
1661290
1666750
1655460
1659480
1666670
1648140
1527450
1635840
1604080
1658640
1665410
1401640
1582190
1651470
1651740
1655340
1658240
1658660
1658690
1641130
1655790
1661350
1663060
1669830
1669080
1658320
1659690
1668980
1661740
1647290
1669840
1668770
1668760
1670110
1670180
1668500
1669040
1669660
1669510
1640800
1670820
1670360
1664230
1661250
1670020
1670090
1564290
1324330
1645650
1670470
1670850
1671750
1669520
1673050
1670940
1579350
1673260
1629540
1673810
1658890
1671230
1674760
1675420
1674430
1491160
1674050
1664510
1674140
1612860
1672120
1677390
1679020
1676220
1673060
1286430
1631970
1681800
1681130
1108520
1682760
1684550
1683330
1672370
1657650
1683940
1665550
1686410
1689380
1644340
1448500
1689860
1684190
1686330
1676750
1686020
1686360
1676650
1224880
1551880
1684810
1688890
1681780
1680840
1646430
1683110
1694340
1684030
1669060
1542320
1614610
1667810
1290360
1682430
1667200
1699090
1699920
1655180
1689210
1690680
1699650
1700620
1698970
1701730
1702270
1701770
1632130
1648890
1322190
1703310
1698410
1700950
1701100
1703590
1699040
1682630
1672850
1574950
1688020
1706140
1699150
1694680
1686760
1704270
1706860
1706530
1701220
1708450
1613850
1668200
1662420
1708240
1708380
1708530
1685480
1706790
1706320
1705670
1701290
1702120
1314520
1704500
1684300
1706880
1706990
1706080
1698620
1680430
1710190
1604070
1705640
1711920
1692740
1669800
1705210
1713270
1711780
1713480
1664420
1713780
1709310
1713230
1702860
1673590
1711830
1706760
1713890
1684280
1707370
1701500
1535820
1713840
1714690
1713950
1698320
1666120
1694540
1704580
1716560
1710850
1700770
1716630
1677040
1691070
1703250
1644570
1700260
1715310
1677670
1718270
1709130
1720380
1690520
1709410
1717430
1720990
1720230
1719720
1720430
1706490
1687640
1717360
1706290
1677000
1719780
1588220
1716420
795300
1720910
1709120
1722990
1708130
1663960
1407310
1602780
1721750
1714870
1722360
1672940
1720610
1701210
1713600
1716610
1721640
1550370
1719580
1700610
1721660
1719860
1727160
1727110
1657000
1725970
1725390
1659900
1727510
1728570
1730490
1664640
1726350
1729010
1683980
1728530
1721710
1727050
1727460
1728940
1713690
1582270
1727280
1576700
1500360
1257990
1707730
1713920
1729490
1715770
1726600
1727920
1673860
1717630
1728720
1699680
1732410
1728920
1725590
1073330
1589530
1728930
1722060
1713420
1722170
1728600
1713960
1728990
1726250
1708000
1665140
1729910
1715640
1698260
1720970
1733650
1724650
1731310
1726460
1735900
1727730
1736060
1700350
1736020
1722180
1721370
1735390
1721430
1703110
1733120
1730900
1730400
1718620
1724870
1729880
1663980
1733040
1728970
1726110
1737780
1723970
1666350
1738870
1719070
1739540
1719370
1740340
1739230
1648240
1739250
1728050
1727980
1739920
1740260
1739320
1740410
1737720
1736330
1719570
1738270
1676490
1736230
1740700
1740060
1736370
1726960
1726440
1700150
1604040
1688930
1691050
1733200
1723360
1743130
1739670
1739980
1726300
1745090
1739270
1745540
1732020
1744730
1741680
1746300
1722450
1745270
1742490
1741880
1723020
1748030
1718050
1745630
1746450
1749620
1743750
1677050
1681570
1750360
1709370
1749270
1749370
1738840
1750460
1750660
1751790
1726830
1749470
1706010
1753210
1739450
1741100
1752960
1752590
1515430
1702950
1751180
1741290
1747720
1751930
1458040
1747180
1572940
1753240
1714490
1560650
1751960
1727390
1737420
1750750
1756200
1756110
1741890
1736470
1752340
1754980
1747820
1709910
1737040
1750220
1750270
1755010
1725110
1739460
1756470
1715020
1740040
1715320
1751830
1752180
1737230
1720490
1703370
1752720
1746440
1752020
1736050
1750760
1749950
1732990
1460410
1758630
1707080
1735320
1757840
1758690
1756000
1737560
1746840
1752480
1753350
1752010
1760450
1727530
1760770
1759600
1760370
1752170
1761200
1754080
1760840
1760730
1708140
1760620
1754330
1760360
1758190
1760540
1754290
1761720
1760350
1726260
1759240
1737880
1677640
1606740
1756570
1714800
1707460
1760760
1744690
1751120
1573120
1724850
1735990
1676460
1744300
1752770
1749180
1745500
1763390
1425100
1763580
1750340
1727710
1718770
1761060
1722240
1762630
1762360
1762090
1726070
1763940
1763690
1763910
1762050
1764560
1764720
1726060
1764590
1764600
1749450
1764610
1740210
1764830
1763000
1703570
1302120
1760390
1722330
1761050
1756720
1751660
1755260
1752270
1750860
1763750
1765610
1764160
1765840
1736690
1764750
1764040
1756370
1758960
1737580
1760230
1585060
1266110
1553090
1584910
1765400
1761170
1751670
1765120
1604620
1765330
1723300
1766800
1750880
1749660
1759040
1765660
1727120
1704600
1706160
1756030
1678010
1751450
1726090
1766190
1751420
1657930
1766290
1739790
1761470
1562730
1766090
1757390
1766260
1766630
1702600
1766860
1764500
1666620
1760750
1754710
1767880
1720300
1763800
1739050
1760610
1762880
1405700
1763790
1732600
1764190
1510420
1767630
1723690
1741280
1760170
1760380
1728870
1754270
1768050
1754990
1764080
1755490
1751690
1752040
1767370
1767280
1768110
1746600
1767050
1746740
1761850
1763430
1758310
1748420
1760680
1745930
776240
1768420
1764920
1766040
1764210
1751810
1738780
1766430
1768330
1769040
1764290
1765680
1760550
1751240
1732290
1766370
1764580
1769370
1769610
1761070
1761080
1756700
1752520
1770590
1766930
1767670
1762380
1722470
1766480
1515410
1750560
1714560
1771580
1770030
1759940
1726220
1763840
1766570
1764370
1687340
1757140
1759250
1715700
1727360
1770420
1709160
1769300
1703790
1768310
1762070
1702790
1720360
1732300
1733810
1737430
1725200
1772900
1750650
1772980
1771510
1771740
1699310
1760600
1773420
1746850
1773050
1737860
1772150
1529540
1767440
1771940
1770060
1377820
1767970
1773680
1771350
1767540
1746410
1704890
1774440
1768380
1765880
1775040
1771560
1772000
1773760
1764120
1774720
1774210
1770650
1726470
1773600
1762180
1769590
1774460
1774240
1725550
1774550
1752000
1775260
1773280
1726900
1773210
1749520
1776480
1774500
1775780
1773300
1776280
1774800
1761410
1761120
1752390
1771870
1737180
1776720
1771100
1773820
1774170
1761370
1752140
1776520
1763130
1747460
1736540
1774690
1751250
1773790
1757910
1776750
1775920
1764180
1776810
1769790
1773340
1750820
1762280
1743340
1770410
1743330
1774040
1775180
1777890
1774790
1702800
1668040
1774180
1773400
1760800
1766560
1776770
1778410
1774830
1772460
1773530
1775950
1679560
1765950
1771900
796610
1775140
1642930
1765930
1707290
1722150
1722160
1774000
1527870
1776330
1720730
1721950
1772560
1745900
1769330
1741410
1773510
1774360
1593550
1761500
1771010
1720680
1761510
1750930
1726770
1767530
1766640
1778170
1689460
1731440
1772940
1740280
1765870
1775250
1768670
1740450
1767790
1752620
1767500
1751510
1370360
1767510
1767520
1763200
1722220
1717820
1757940
1772080
1770340
1753940
1726420
1740090
1777030
1729800
1773290
1749110
1769950
1771030
1769920
1769180
1767390
1761880
1768630
1767410
1760650
1776960
1762320
1766520
1724680
1763140
1726580
1704190
1772010
1759030
1768900
1760400
1776620
1758740
1777040
1757020
1772990
1499290
1778900
1767200
1752230
1775690
1746670
1778530
1774230
1778940
1779150
1443710
1745770
1778550
1776510
1724500
1725600
1780040
1745490
1777860
1780770
1767750
1768750
1779170
1730200
1780710
1762150
1779160
1552970
1760430
1762820
1777310
1776320
1775590
1767260
1780140
1780120
1785050
1780350
1783010
1785360
1769290
1784700
1778010
1768930
1772670
1781200
1779800
1787540
1763070
1749610
1787530
1750730
849080
1779290
1775330
1183930
1793310
1793930
1791270
1764850
1784830
1792420
1793390
1788090
1732380
1775280
1779520
1795450
1795520
1797330
1795280
1792540
1797110
1763420
1797770
1084750
1696660
1603350
1754670
1683280
1792800
1800500
1774050
1791180
1799810
1797920
1800700
1802180
1779140
1800420
1803120
1770980
1800270
1803790
1792960
1796540
1802400
1794110
1803100
1799540
1771190
1779000
1726680
1411130
1804670
1745730
1737310
1803680
1799860
1799320
1693170
1802660
1803000
1808090
1722200
1800770
1806240
1803340
1808930
1799150
1788020
1806300
1807050
1792640
1807790
1683830
1762160
1809140
1811120
1809400
1800410
1771570
1810770
1808670
1807110
1655390
1798490
1804800
1803750
1763970
1772020
1729630
1812190
1807130
1776760
1702930
1811460
1775600
1657160
1814210
1771970
1807780
1180710
1813710
1811420
1811890
1468440
1810940
1750100
1817480
1814970
1813070
1814500
1805350
1818460
1814370
1797720
1679150
1816010
1813360
1815950
1820420
1807400
1706350
1816060
1820530
1813410
1819590
1797670
1794260
1820760
1586450
1821080
1793940
1820990
1817420
1821190
1821560
1404540
1812270
1814960
1821840
1821360
1821250
1820410
1819910
1819380
1817520
1773660
1820820
1820500
1806500
1820300
1820660
1738580
1825430
1810780
1823820
1435490
1816510
1827930
1827800
1826670
1811840
1821370
1822170
661580
1820730
1828920
1729990
1830580
1701880
1830860
1826990
1811180
1817150
1833460
1831240
1831420
1820240
1830710
1829750
1580310
1815610
1496570
1835050
1832890
1809940
1834890
1835990
1833010
1798100
1835130
1650460
1811280
1835380
1835170
1835320
1837880
1834520
1836100
1832880
1837960
1837070
1838910
1835630
1833150
1765110
1814650
1831890
1838620
1659620
1840180
1805830
1837240
1812100
1829950
1834210
1832190
1828480
1468980
1838700
1839530
1529280
1826220
1841340
1837290
1816130
1835590
1683480
1828290
1809070
1559830
1818190
1842090
1844180
1839200
1656830
1840680
1835950
1828610
1842710
1491580
1845470
1834260
1845220
1841090
1845950
1836020
1708480
1841510
1770110
1568660
1844320
1843620
1843210
1236420
1814180
1848090
1839890
1849450
1799040
1849340
1821470
1848620
1845590
1842820
1698660
1802490
1846310
1804090
1288660
1843960
1851460
1177220
1777270
1842670
1840500
1815210
1815770
1851040
1852690
1848830
1704570
1849920
1831170
1807440
1852010
1840670
1853520
1843070
1832630
1805420
1853580
1717320
1819170
1814430
1813830
1828360
1853070
1603580
1807180
1794350
1846140
1849480
1853980
1852960
1849700
1860100
1839390
1860450
1860060
1847640
1859750
1860940
1861360
1862610
1862640
1859340
1860990
1814940
1669020
204660
1772290
1862360
1863330
1859440
1714170
1848100
1845580
1864160
1864450
1860730
1865300
1826790
1838870
1866690
1861240
1867360
1866080
1864640
1865310
1582460
1867340
1861270
1866520
1866000
1865190
1867090
1838640
1864870
1831180
1871560
1866550
1873150
1872340
1866940
1871660
1867220
1867030
1857790
1775580
1821300
1872930
1839970
1873730
1859250
1873950
1851750
1852270
1860690
1874930
1868630
1876600
1866930
1870340
1669280
1809030
1869970
1835680
1872290
1874020
1873370
1872560
1807840
1871580
1862750
1882360
1876370
1866330
1862510
1876270
1883040
1866270
1847520
1874280
1824310
1849180
1830120
1873790
1529090
1836650
1884070
1859040
1882030
1881770
1881620
1860770
1884460
1819680
1884770
1806790
1883860
1882380
1885390
1885230
1882530
1847780
1886190
1849540
1861680
1885740
1887110
1874390
1884730
1785500
1888680
1883640
1889510
1865860
1766360
1880850
1818680
1886280
1435720
1886970
1808180
1886900
1890900
1888250
1872370
1874270
1828050
1885350
1881580
1847570
1884270
1891960
1669640
1884700
1889380
1891050
1887410
1872030
1837720
1893480
1872000
1664000
1888400
1889070
1895290
1890060
1642390
1647170
1887210
1884810
1895380
1896730
1886500
1772140
1886520
1884740
1865910
1897500
1888850
1889470
1804210
1892820
1837770
1893360
1874320
1898650
1883730
1313240
1899090
1899590
1888140
1874250
1766170
1890980
1887870
1877030
1889210
1873850
1898850
1873980
1894950
1898820
1899600
1407470
1899420
1846760
1885210
1899560
1897930
1899900
1899260
1900870
1848020
1899840
1898760
1864740
1898220
1899280
1901210
1901590
1886710
1768060
1859330
1899930
1326520
1897840
1890080
1900450
1900800
1885020
1900950
1884010
1893920
1875110
1812080
1902190
1865330
1861000
1815300
1903150
1735560
1899920
1889460
1867950
1890930
1875930
1899530
1883180
1880530
1900120
1874670
1901790
1879770
1876190
1898480
1865150
1899850
1846470
1898540
1882250
1878950
1652470
1888600
1901770
1898360
1870720
1901100
1890840
1885810
1881510
1900110
1813480
1902130
1883410
1899230
1903010
1903110
1904240
1844760
1844750
1894850
1889180
1813880
1846500
1851660
1831940
1899460
1873060
1901320
1904070
1881230
1878430
1901890
1894520
1829390
1904270
1897850
1899040
1900940
1900420
1810880
1322970
1806900
1904060
1892440
1857610
1883330
1894800
1894840
1901720
1904940
1889910
1899640
1906390
1891190
1849160
1904670
1902140
1905840
1903890
1906850
1906260
1891060
1906610
1900840
1903700
1884710
1872390
1837930
1899220
1838570
1838520
1895120
1898400
1896080
1901080
1908340
1888730
1849670
1909480
1887950
1910040
1729650
1907670
1907370
1908580
1910350
1903070
1910760
1798940
1884840
1907320
1910920
1907880
1838160
1904950
1898510
1909180
1820120
1909580
1906270
1868320
1908390
1899510
1908030
1874740
1910900
1911920
1912010
1910110
1901190
1910500
1893060
1733510
1905410
1911550
1911350
1912530
1912540
1836480
1909930
1907730
1910730
1910710
1722250
1817900
1868230
1909410
1904760
1911410
1912640
1872640
1890730
1912610
1913770
1904340
1913150
1913130
1902680
1908130
1912550
1903800
1911710
1883910
1881550
1913400
1912270
1904510
1849960
1906360
1793130
1886060
1839490
1904990
1903160
1702040
1901570
1885150
1909870
1866950
1884590
1902890
1911500
1912360
1843830
1842020
1915300
1912810
1913050
1912600
1913340
1913580
1914320
1911060
1898170
1879580
1914350
1794550
1900060
1913060
1915820
1914540
1910290
1914520
1915810
1843990
1909360
1900570
1905820
1900430
1908520
1913650
1916490
1834780
1904750
1909400
1843360
1719750
1913480
1911700
1541190
1911100
1892280
1908300
1908310
1915750
1902160
1310340
1913390
1816220
1899140
1905710
1914550
1914920
1914370
1815590
1899100
1906200
1901530
1762740
1876710
1876970
1894810
1911830
1776680
1905120
1892540
1909970
1753710
1907970
1915720
1902030
1902010
1869380
1914310
1904500
1905240
1889340
1875050
1884940
1917380
1896950
1916680
1611560
1882310
1718720
1881130
1637890
1888840
1637900
1888820
1911180
1845770
1916720
1886490
1914500
1895930
1793270
1896130
1563280
1753820
1762460
1884670
1497070
1669090
1908110
1882220
1900560
1907580
1904420
1917200
1880780
1858910
1895910
1851740
1912430
1838930
1857920
1905170
1905650
1899780
1912990
1556300
1909910
1910390
1909710
1704230
1907190
1910430
1917100
1901250
1917120
1915570
1917220
1875940
1813350
1917480
1916370
1459750
1917330
1909390
1917180
1905250
1913520
1914360
1917570
1902070
1912200
1844310
1918200
1917770
1918990
1920220
1919080
1400950
1919860
1906380
1441320
1913460
1921420
1814860
1910940
1911480
1921410
1921430
1917690
1919930
1920310
1913030
1914860
1906010
1899940
1917110
1907840
1912890
1911210
1922230
1921640
1916820
1920130
1925110
1926040
1911240
1911190
1911110
1907260
1925490
1919230
1913430
1926540
1747260
1925410
1920730
1912830
1923090
1924930
1716350
1916840
1926250
1926960
1925160
1863880
1921670
1921800
1910640
1929390
1915930
1917300
1868780
1924630
1930570
1908170
1591270
1917880
1923440
1932090
1907530
1932070
1794080
1933260
1931030
1934240
1930430
1873770
1929310
1934710
1526570
1923980
1794010
1934460
1932620
1932930
1907160
1933360
1925260
1923210
1923150
1904110
1931650
1911320
1939380
1937000
1941080
1875390
1931610
1864920
1776410
1923740
1943200
1942800
1942910
1739820
1941930
1943330
1942700
1940860
1942230
1942200
1944860
1917070
1941880
1932880
1927990
1921100
1942090
1934970
1929050
1945830
1946270
1943580
1941260
1806390
1947740
1808000
1943150
1933120
1899860
1919580
1946220
1943900
1948500
1942460
780860
1779860
1832610
1946000
1951370
1950780
1935390
1945920
1952530
1955220
1060580
1955630
1953270
1953480
1923280
1956640
1949230
1924920
1942600
1955430
1959600
1956540
1953260
1957800
1953290
1960350
1960370
1849770
1961140
1954120
1960240
1954730
1920350
1961570
1852720
1931300
1963100
1964660
1962340
1963650
1964700
1962710
1965880
1962960
1965080
1956970
1854880
1964550
1963380
1935700
1963820
1965100
1923370
1965630
1956780
1967080
1966570
1964340
1961440
1968900
1957050
1961700
1966340
1963770
1962820
1956460
1964160
1845070
1968920
1849030
1968990
1960760
1969480
1973330
1969450
1968960
1973980
1960390
1965830
1970880
1833030
1973340
1974240
1972860
1969540
1926570
1971860
1972760
841760
1975250
1969470
1965570
1835300
1963870
1644170
1973120
1446080
1937340
1973900
1975310
1962830
1975910
1974430
1975330
1972540
1768290
1964710
1859780
1972000
1964730
1975820
1954700
1963940
1978160
1960750
1967600
1971030
1975600
1978620
1932150
1978960
1975210
1943100
1974490
1953180
1962040
1726000
1961820
1970800
1969580
1979030
1933200
1980020
1981070
1981140
1981390
1975190
1954220
1956810
1673170
1955590
1898520
1980230
1976580
1980960
1966250
1902660
1981490
1966510
1683930
1983210
1902000
1982300
1984100
1982040
1981520
1967300
1980430
1976790
1981280
1974570
1985470
1982220
1976370
1977850
1983610
1970190
1981460
1972510
1967730
1984120
1985990
1976010
1983680
1943180
1982280
1979710
1980370
1982970
1980790
1972700
1969550
1984500
1973520
1971460
1982890
1978570
1978270
1978310
1984830
1977300
1976900
1979250
1959080
1466510
1986080
1988450
1986960
1984460
1942570
1956450
1974140
1841410
1940260
1987850
1189370
1987430
1925300
1987180
1988660
1969270
1985310
1879660
1987940
1987740
1979840
1962270
1984480
1980310
1988160
1987510
1986020
1638590
1989400
1987640
1988230
1986700
1978120
1838840
1838850
1988370
1960030
1966230
1969290
1985480
1986260
1967270
1952870
1404720
1987890
1775910
1987390
1971140
1982780
1256820
1983720
1986220
1989220
1994790
1985750
1990640
1956870
1994830
1998270
1988180
1911130
1983530
1977080
1980640
1980180
2001630
1984700
1940810
1943320
1977120
1976480
1975200
2001810
2002330
2002640
1912000
2003480
2003330
2001080
1990020
1700000
1979770
1470210
2003360
1990410
2002960
2002290
2003440
1917430
2001620
2002490
1740290
1924260
2003820
1966760
1983440
2001940
2003850
2003130
1988690
1989830
2007230
1987090
2007330
2005600
2001740
2002810
2007600
2003110
1980110
1983310
2008580
2003250
2007340
2008360
2004720
2006980
2004450
2007310
1999230
1979150
2007660
2008680
1444270
2002040
2007810
1970810
2008940
2011800
2002750
1597380
1986950
1979870
1988060
2003780
2007650
1992090
2013890
1976150
2005890
2013940
2014800
2011670
2013980
1985730
1970390
2008540
1972430
2017310
2016360
1989470
1966990
1966710
2017170
1992320
2013560
2016630
1969090
2013840
1970990
2008690
2017280
2013510
1982800
1984780
1981150
1905590
2004120
2003720
1966350
2020450
2018980
1935010
2020350
1968070
2020660
2017970
2008030
2019440
2020720
2020700
2020740
2008140
1986140
1956010
1960960
1968090
2017470
1728070
2017650
2021400
2017250
1975870
2023260
1955460
2021150
1951270
1978600
1991410
1964390
1974450
2020760
1315790
1961470
2020320
2016990
2023220
1702520
2008970
2009060
2016870
2020600
2016330
1971550
1891020
1953400
1898800
2025620
1950090
2013340
1670400
2016880
1975740
1979780
2026090
2020370
2027460
1965810
1966050
1825720
1956150
2050110
2012700
1203340
2051270
1835900
1982580
1951770
2018360
1960690
1909110
2021450
2021430
1977210
1977020
2002680
2017320
1961360
1628320
1535890
1961900
1962280
2020810
1961350
1975630
1925120
1798960
1978530
1988840
2017390
1544870
2016930
1975060
1971060
2053500
1771080
1977860
2024040
1988220
2002910
1982710
1079080
2008160
1962250
1972210
2057560
1915640
1859450
2008150
1965510
2020940
2021470
1963700
1934170
2021160
2013960
1668370
1923260
1661050
1979750
1989550
2020300
1978770
2058080
2055020
2054980
2056230
2050500
1978410
2016860
2058710