6530
16420
16475
940030
940250
941010
941420
941450
951710
988720
988990
989320
989360
989530
989670
989730
990010
1007310
1007410
1007500
1007620
1008040
1008170
1009250
1009280
1009620
1010630
1010720
1011060
1011690
1011800
1012230
1078620
1078650
1078690
1102180
1102300
1102570
1103170
1103190
1104240
1104300
1104540
1104950
1105170
1105230
1105680
1106040
1106050
1106810
1107080
1107410
1107770
1107960
1108340
1108670
1144190
1144320
1144430
1144830
1294700
1294710
1296270
1296350
1302100
1302140
1302360
1302640
1303040
1303120
1303290
1303320
1303330
1303340
1303540
1303580
1303750
1303840
1303920
1304040
1304200
1304380
1304860
1305020
1305400
1305560
1310850
1371150
1371360
1372240
1372340
1372440
1372770
1372970
1373010
1373330
1373570
1373730
1374210
1374780
1383590
1384270
1384280
1384410
1384470
1384850
1385040
1385200
1393720
1393730
1393920
1394200
1394710
1394730
1408280
1408460
1408520
1408670
1408770
1408800
1408980
1409060
1409750
1409790
1415940
1416250
1433360
1435570
1435740
1436250
1436270
1436350
1436380
1436430
1436500
1436530
1436820
1437110
1437140
1437230
1437300
1437440
1530490
1534360
1540770
1540120
1380130
1547770
1558610
1525110
1562170
1560410
1560030
1558590
1560990
1560180
1560920
1557560
1407350
1435990
1534410
1557800
1559210
1559890
1562890
1569260
1569940
1571370
1620430
1651370
1655860
1596260
1659870
1659720
1517070
1575200
1652240
1647810
1571470
1651790
1652210
1667150
1647570
1667350
1666740
1655500
1668600
1667640
1655450
1668550
1632070
1652360
1596320
1637450
1666580
1526310
1746300
1745630
1726830
1741100
1515430
1702950
1458040
1560650
1727390
1703370
1760770
1761200
1760840
1760620
1760540
1760350
1760760
1763580
1727710
1762630
1762090
1764720
1764590
1764600
1852010
1853520
1853580
1819170
1828360
1853070
1794350
1852960
1849700
1826790
1884730
1435720
1872370
1911350
1836480
1910730
1904760
1911410
1872640
1883910
1904510
1886060
1904990
1903160
1702040
1885150
1884590
1911500
1905820
1904750
1911700
1911100
1902160
1905710
1906200
1851740
1917880
1932070
1933260
1931030
1934240
1976900
1523
92230
92240
92250
92810
243600
250940
346860
396240
396290
396490
397050
397170
397610
397790
398280
398430
443230
451820
455420
557540
557560
557710
557800
557840
557910
557980
582000
593080
594250
612360
704570
749640
872860
973330
973430
973460
974260
974560
996480
1000730
1000920
1035140
1092010
1094330
1096880
1102710
1119050
1206210
1257020
1257960
1298970
1403180
1669280
1847520
1847780
1861680
1865860
1808180
1847570
1669640
1664000
1898650
1313240
1846760
1857920
1913460
1922230
1921640
1913430
1863880
1921670
1808000
780860
1845070
1974490
1953180
1683930
1974570
1841410
1256820
2001810