1966900
1773700
1945250
1952740
1921390
1201230
1937160
1929460
1880720
1697110
1919440
1700630
1844150
1917870
1901950
1786930
1873510
1723540
1910630
1613670
951820
1382980
1035760
1858450
1828490
1557180
1715980
1374970
1594200
1840820
1846940
1489110
1487270
1592200
1923850
1842880
1900300
1918420
1709190
1631350
956270
1460010
1622110
1583090
1891920
1417930
1708320
1247580
1950200
1479400
1766080
1889370
1926270
1819450
1820270
347800
1744820
1664390
1456000
1936990
1228500
1529780
1262350
1843110
1614550
1489590
1263940
1909740
1745810
1592360
1941370
1429500
1953550
1388350
1975370
619390
1533410
1266700
1643560
1171340
1306970
1716330
1718700
1297030
1704730
1008860
1195420
1122360
1910000
1480220
1777060
1803760
1860560
787920
1829260
1739620
1428770
1640150
1840280
1748650
1840610
1812950
1298620
1683660
1715390
1878720
1243160
1903510
1608370
1752260
1941890
1553180
1266340
1820570
1763030
1935620
1861250
1892100
840880
1917950
1808870
1573100
1728390
1802670
1563250
1281830
1904860
1793810
1882710
1690180
1922990
1167150
1829740
1337760
1892370
1809540
1674640
670510
1946550
1971310
1917820
1892750
1650810
949480
1251960
1261430
1834740
1528330
1578500
1962130
1701560
1678880
1132980
1599070
1189220
1425830
1652460
1586220
1497330
1521230
1870790
1743570
1409760
1861450
1466580
1392980
1824110
1835190
1744760
1578440
1275670
1479090
1729180
1556490
1893370
1887340
1962590
1933510
1853760
1960930
1776840
1956790
1031460
1355200
1937670
1331510
1790360
1922060
1453900
690210
1959390
1934080
1873810
1857840
1727500
1740230
1469920
1276810
1434910
748020
572510
927760
1531490
1714770
1953670
1971560
1542110
1749140
1905150
1970030
1116170
1360660
1574480
1619560
1722120
1742730
1868140
1902150
1930830
1953100
1970020
1039360
1057630
1667750
1707970
1730650
1855580
1873080
1891250
1898180
1901690
1265500
1332730
1415280
1542550
1575470
1827260
1832090
1715350
1861530
1919240
756800
1967630
1947810
410740
1945230
816600
1818230
1841240
1659090
1936180
1881280
1876010
1473250
1952400
1070260
715400
1060230
1142570
1471700
1947750
1571100
1936270
1146420
1097910
1910910
1965560
1395710
1964770
1681840
1936240
1941640
1976290
1709170
1873870
1677720
1101120
849100
1163930
1716600
1916690
594230
1492120
1679210
1593170
1319400
1527890
1688720
1768780
1151380
1957680
1902850
1898880
1923500
1648760
1589120
1394650
1331550
1878290
1705140
1678570
1685870
1707850
1488310
1870400
1565250
1767010
1547860
1288910
1848860
1845740
1933070
1702390
1942280
1636660
1934540
1968730
1817240
1851560
1962560
1748160
645720
882590
1491950
1655940
1963780
1725220
1494810
1859940
1709540
1837690
1477470
1319460
1977000
1930600
1934520
1281860
1027650
1964360
1976100
1930350
973230
1834640
1913530
1549540
1059980
597060
1491460
1601740
1428710
1955640
1826020
1840790
1896810
1944570
1932810
1335520
1290980
1867510
1902710
1622010
1367710
1637320
1596190
1974070
1282410
1973320
1223230
1894790
1498060
1909100
1956860
1552160
1594690
1931020
1492070
1897010
1959840
624950
1818450
1251040
1164940
1046760
1842940
1876430
1939770
1781110
1969620
1599980
1787100
1647420
1778620
1924390
1419060
1900020
1592280
1705180
1016360
1415890
1766010
1964630
1898610
1410090
1964560
1150760
1702840
1685510
1061910
1558830
1596360
1573090
1829010
1684930
1917020
1831740
1955030
1712050
1706980
1727550
1952980
1978590
1676130
1918270
1974610
1789310
1130380
1896200
1761870
1944960
1916090
1922020
1942000
1411740
1474050
1639710
1688350
1780550
1804890
1813860
1821340
1831410
1861500
1871310
1880490
1896900
1929500
1935420
1937510
1946970
1960400
1977770
1701330
1920100
1950490
1911420
1969080
1865060
1995590
1110620
1233070
1526140
1561380
1687470
1732090
1750710
1751730
1838480
1926510
1948090
1965060
1151130
1156380
1551190
1561090
1722660
1725360
1803590
1831830
1868060
1891350
1892210
1898560
1913900
1919600
1938360
1945860
1946490
1949890
1957070
1967510
1816050
1858650
1837400
1926390
1602110
1941310
1449920
1831700
1825110
1805170
1974250
1919960
1841830
1293730
1583080
1861440
1577510
1743470
1707260
1757060
1426010
1808570
1323830
1868070
1755030
1832030
1443470
1826770
1892460
1730930
1718130
1574780
1941410
1589610
1755680
1477070
1880330
1667360
1977220
1291860
1844120
1602560
1968790
1854580
1930300
1692340
1525580
1841190
1812090
1238450
1869560
1946810
1525050
1859180
1911200
1768470
1481910
1294260
1833490
1913140
1925660
1298270
1267070
1530800
1950770
1360390
885510
1538730
1630420
1972470
1934800
1579280
1848590
1961310
1293460
1573860
826470
1305150
1490870
1794430
1885930
917140
1763180
1908480
1924380
1925850
1931470
1943020
1945780
1960610
1729190
1818690
1913200
1129360
1884510
1969260
1538300
1461930
1899200
1363680
1245560
1312060
1706550
1952780
1887020
1488430
1918320
1658540
1535420
1731460
1598030
1962760
1492750
1176060
1066680
1602160
1663320
1848580
1225790
1741160
1945110
1043780
1948800
1493260
1324350
1750450
1860700
1597610
1914980
1871990
1862520
1020910
1847380
1425760
1849850
1707790
1499700
1663250
1738540
1912560
1932360
962090
1623520
1528280
1514880
1540650
837350
690290
1938620
1703380
1840660
1268420
1637400
1951700
1964590
1135220
1665190
1803820
1936360
1175770
1136380
1454730
1965620
1253410
1658700
1829700
1841150
1939350
1698280
1905900
1474480
1716810
1886290
1804270
1958020
1922800
1835970
837880
1848540
1940380
1392560
1976230
1914390
1858760
1747790
1727180
1952550
1955820
1726120
1822580
1825210
1683370
980170
1928370
1849270
1880840
1585220
1926440
1944910
1856830
1299860
1406490
1829920
1975790
1234180
1951800
1804980
1557820
1728980
1892040
1835470
1928380
1885080
1435470
1956930
1976690
1874630
1869490
1949190
1515570
1877780
1951560
1729410
1957430
1629530
1758480
1969820
1796870
1390410
1709050
1952990
1518650
1104920
1574500
1602620
1250090
772710
1959530
1521070
1470930
1675040
1346360
1431430
1602540
1080450
1632100
1848070
1170080
1978330
1532460
1668310
1741400
1973600
1513430
1381520
1535240
1922610
1948930
1582410
1964970
1950920
1743200
1909750
1088750
1271310
1732220
1293300
1832950
1512050
1660080
1958130
1308940
694990
1579390
1774200
1574130
1948940
1956350
1972410
1931010
1683340
1307740
1454540
1538900
1748300
1965190
1968830
1951490
1885750
1969920
1609740
1807260
1626840
1828700
1305780
1827640
1969430
1520760
1682060
1733680
1383520
638510
1581790
1428090
1281190
1893620
1937750
1724390
1407180
1526870
1874260
1936710
1812970
1306770
1767170
1923070
1937720
1745020
1972640
1952930
1593030
1960800
1927570
1580520
1189100
1810530
1781960
1608670
1542140
1960330
1464220
1629210
1909260
1847930
1625460
1928850
1546820
1861090
1867810
1532240
1713130
1868000
1156060
1318740
1898790
1797630
1579330
1912490
1790330
1969530
1577690
1804610
1886210
928000
1900890
1894860
1358370
1789600
1716820
844670
1971750
1257280
1964040
1896700
1642630
1155970
1494280
1970300
1412890
1967940
1919140
1546060
1787120
1540350
1785300
1427340
1658960
1936900
1857660
1234990
1933730
1068410
1500280
1831800
1950570
1234460
1816710
1914940
681850
1723560
1885660
1910180
1973640
1514460
1734130
1834010
1290960
1815570
1477700
1949440
1131670
1819610
1952270
1962890
1649730
1576280
1013570
1961520
1857980
1251580
1837340
1029030
1620290
1643850
1593780
1553660
1885370
1905080
1623120
1526930
957660
1921170
1176470
1812910
546120
1772530
1728840
1803400
1076120
1948960
1885200
1954440
1923720
1790610
1506680
1728180
1682340
1614990
1948150
1827700
1587540
1743830
1790370
1403310
429380
1774940
1449550
1703180
1180130
1366840
1569200
1952340
776660
1968540
1612770
1434250
1960570
1405040
652620
1313140
1724140
1953860
1490800
1965470
1067220
1836390
1974550
1953630
1869570
1970460
1588700
1934700
1917390
1743930
1711620
782250
1814230
1952960
1952950
1327920
1432340
1854250
1162860
1949010
1769270
1952970
1858120
1939700
1848710
1970220
1452070
1594460
1707220
1786830
1922940
1805680
1910360
1968720
1745700
981830
1568460
1969650
1814380
1516730
1839090
1332450
1871450
705510
1734230
1806960
1689080
1961260
1758250
1888640
1366200
1687300
1726760
1822230
1876060
1822030
1611120
1835570
1069160
1283980
380110
426870
1413250
1301500
1156350
1054190
1136690
1457030
1635490
1632630
1659150
1608330
1612470
1521390
1602030
1603950
1621130
1588860
1483820
1716450
1719710
1695890
1553870
1537490
1223720
1240160
1263170
1295000
1347760
1417570
1478260
1285860
1297270
1315780
1208110
1074740
1092530
1135310
437440
852780
909750
1724100
1964120
1965390
1965440
1966280
1966380
1962910
1791200
1786580
1786950
1793530
1854570
1750050
1775230
1883840
1929350
1937180
1924850
1924970
1936300
1936790
1856300
1866090
1885400
1892490
1953470
1953660
1954590
1957010
1950440
1945850
1909850
1903060
1913420
1872410
1872620
1753280
1753420
1899730
1851840
1514040
1593510
1497910
1549600
1587920
1883090
1883370
1920080
1969040
1971590
1965070
1968500
1971740
1751500
1833570
1841200
1890500
1958890
1959540
1539760
1596400
1602390
1640700
1677590
1697070
1720390
1776000
1789220
1804780
1875600
1884610
1913730
1918650
1933010
1947470
1951230
1029190
1078270
1087030
1120330
1236170
1284730
1319310
1334110
1352120
1360810
1362840
1368540
1419390
1443850
726980
751230
1666800
1724490
1741200
1766000
1798750
1801110
1816570
1821850
1828800
1828830
1324150
1334230
1337610
1462990
1001270
1019050
1121670
1211600
1226030
1860200
1860280
1867830
1890800
1902870
1911650
1912940
1921520
1929540
1934350
1937960
1940360
1958570
1961330
1961970
1937110
1898290
1898920
1901540
1906470
1906510
1910470
1918480
1920840
1926830
1933450
1939490
1939560
1939790
1946600
1951210
1959520
1961160
1963190
1971680
1979350
1535560
1545430
1561340
1571260
1588560
1592540
1602090
1619310
1669970
1690190
1719310
1727400
1757490
1778860
1791970
1795470
1833080
1846710
1864400
1865750
1880870
1884060
1896310
1198970
1231560
1231990
1268800
1271900
1161000
1309760
1400850
1609780
1547670
1389520
1029650
942220
1490340
1514190
1518220
1402120
1403030
1425180
1429880
768200
995680
1116540
