1949060
2051790
1981990
1946910
1932510
1962830
1959270
1986090
1908910
1953480
2016920
2003480
1915390
1970390
1598420
1732040
1431000
1913390
1846110
1728790
1881400
1952610
1897620
1843210
1949530
1489260
1982580
1812190
1977080
2050880
1900840
1943900
1871320
1947590
1066560
1966320
2022840
1665410
1949070
1514800
1996110
1956080
1999340
1479410
1772290
1904340
1935270
1967720
2020140
1974450
1835990
1891180
1963820
1941560
1946000
1711660
1539230
1960420
1907160
2018970
2020720
1788550
1542830
1920220
1775910
1948710
2022320
1647370
1997600
1989400
1996560
1931450
1969580
2011930
1644570
1958450
1427500
1923980
1723670
1858800
1984700
2019150
2020900
1217700
2024020
1494880
2025010
1891730
1894180
1447450
1932930
2024000
1519460
2016870
2024960
1976010
1977020
1943100
1298810
1878860
1866520
2004690
2013960
1993020
1991560
1976790
1988450
1980370
1911480
1960130
2011380
1964660
1955430
2026200
2051550
1423850
2012350
2009910
2014290
2014250
2055080
1996400
1566760
1990120
1935260
1976340
2053120
2018690
1986050
1990750
1992330
2012810
1913910
1875010
670530
2024250
1984280
1920590
1989590
1805630
1538690
1623800
1918910
1842420
2023040
1578510
2012640
1977400
1796730
1313080
2020060
1316320
2027800
1652470
1590350
1961700
1664330
1870980
1794080
2051930
1933200
1475720
1401770
1897390
2020050
1993500
1670400
1304570
1870820
1732200
1961360
1972430
2019120
2009660
1999440
1866270
2008150
1914860
1969450
1313440
2011390
2012130
1501430
1984780
2025940
1934170
690230
1960390
1949830
2015920
1949450
1980960
1797920
1987740
1689380
1779140
1660730
1989810
1974140
1658130
2012870
1964730
2023100
1776770
2016340
1907840
2015730
1891910
1628320
1591770
2018180
1806390
2019450
1955460
2006240
2024060
1966990
2015800
2000620
2019600
1668370
2026780
2052850
2006780
2027640
1971550
1951770
2050240
1673170
1444960
1418080
2007090
2019930
2052330
1979750
1967730
2025430
2013840
1953260
832440
2013260
1666580
2020370
2022730
1947760
1917690
1988840
1993040
2051260
1746360
1326050
1995770
2023700
1535890
2010190
2009590
1947840
1845990
1435490
1910940
2020290
2020390
1993690
1703590
1947830
1954120
2027990
2008690
2055340
1868690
2020890
2000330
1408270
1999580
2016930
1994580
1410630
2015980
1798960
1730200
2008190
1724820
1940810
1865190
1642410
2001490
1990640
2014730
2054840
2021490
1658690
1402220
1997350
2006590
1958030
2020250
2023750
1969090
2020580
1702520
2022200
1651040
1318330
1984500
2013560
1936870
1972530
1979010
1704580
1983030
1996170
1950260
1997760
1982890
1799640
1310220
1699150
1915640
1971060
1964550
2051950
1609400
1893160
2009680
1964160
1659850
1478280
2011090
1986260
1977860
1325440
1971860
1986220
2015400
1972700
2020240
2015870
1967080
1957050
1983810
1920350
1588990
1606070
1975870
2055640
2010430
1960750
1898510
1978310
1963700
2020200
1668900
1998210
2022430
2026360
2021160
1650980
2054550
2025350
1661050
2021810
1316940
1978770
1909110
1956870
1591790
1950740
2001540
1967600
2012400
1988230
1956780
2020940
1970810
1210600
1046810
2021150
1877740
2009870
1969270
1979840
2008540
1973340
1926150
1946500
2010090
2052930
1921410
1966350
2020320
1962250
1968070
1799540
1995610
1933120
2001600
2007340
1325100
2015350
1893610
1952410
1961470
1895510
2019030
1859440
1714870
2014450
1969290
1971030
1988180
2003820
2013940
2053550
2008340
2051430
2026610
2021400
2001740
1914930
2003250
1985280
1950010
1929920
1948610
1956900
1652820
1974180
1969660
1991730
2011050
1977650
1879930
1982570
2012480
1990150
2006850
2001450
2013930
2055610
1990170
1948320
1968370
2013810
1977790
1997000
1983040
2018200
1962620
2051860
1595680
1164900
1306960
1596960
1568140
1979710
1792420
1750730
1840680
1849030
1946800
1954730
1965080
2051610
1277620
2053720
2018650
1999420
1962280
1975200
2017280
1964710
1956010
2007330
1976370
1948070
1989830
2002910
1959590
1999200
2023570
2052400
1972210
1990970
1995140
2009810
2022340
2021450
1977210
2017310
1963650
1488520
2020810
1963380
2022240
2056350
1956150
2014700
1402040
1643110
1960960
1660650
1899510
1790660
1757070
1454210
1975630
1399330
1952830
2019900
1768750
1888400
1544870
2017710
1892480
1947520
1771080
1618670
2004000
1589960
1866550
1490520
1923740
2018890
2055250
2017070
2018630
2014640
2016150
1913340
2006150
1996480
1544800
2006980
1987090
1521350
1891050
1956970
1995150
1982780
1911210
1852270
1657370
1317520
1992900
1975250
2010230
1298290
1299640
1660720
2026110
1536450
1622620
1950100
2010590
2003980
1980110
2019780
2021470
1994150
1669540
2008160
1318900
1540750
1631550
1814760
1891200
1525340
2005200
1981150
1996860
1988220
2011680
1979770
2020440
2018620
1957290
2005840
1985890
1983310
1973120
2005450
1566650
2004310
1997720
1402730
2001950
2027500
1728070
1980640
2018090
1985480
2000080
1921800
2024540
1979870
2018390
2020600
1996120
1325810
1839720
1658380
2027080
1913650
1773610
2008140
2052440
2053780
1993130
1608030
1999410
2051980
2001100
1864920
2018770
2013310
1952070
1953160
1079080
1849180
1443140
2015150
1985730
2008970
2052500
1871040
1924260
1965510
1661660
2016360
2020280
2011280
1939030
2055520
1326350
2052980
2051070
2025690
2002750
1962300
2003720
2017320
2027900
1315790
1966250
2054630
2013980
1316620
1405680
1666060
2027770
2057160
2052800
1542320
2020300
2026620
2056140
2055040
1975740
2003850
1524600
1970990
1966760
1953290
1958080
1962340
2051800
1418500
1952110
2012060
1902000
2020350
1978600
1956450
1835300
1819910
1952600
1958480
1938570
2053480
1992720
2018400
984700
1954220
1996960
1999480
1602790
2018470
2009060
1666350
1932090
1660830
1973520
1951360
2015970
1644470
2026600
1966050
1657940
2002040
1899860
1977820
1981280
1932620
1652590
1963770
1984100
1949430
1923370
1960690
1765110
2017250
1951570
1991740
1957950
1629540
1868660
1990950
1995860
1960410
2022870
2050610
1617250
2008520
1574520
1978270
2052620
1894620
1982400
2003890
2023410
2013450
2001820
1861790
1659660
1289930
2013470
1910640
2012150
2017390
1535020
2025400
2026680
2023870
1954700
1381540
1654650
2016630
1963100
1642240
1970190
2001390
1935650
1986140
1619020
1728990
2014710
1328020
2013410
1532890
1974430
1587270
1821240
1728930
1988160
2022940
2026210
2017690
1995020
2001550
1915570
2015590
1509490
2018150
1835130
2027320
2022580
2023290
1989550
2027950
1925260
1987850
1823960
2003780
1440660
2050410
2053180
1961350
1761410
1835900
2027020
1997180
1597380
2020740
1402240
1987430
1937760
1775280
2013490
1955660
1942800
2024200
2002490
2004350
1546700
1768290
1988480
2018800
1952660
2053150
1952940
1642370
1997100
2022720
1658790
1960940
1956540
1979250
1647340
1937870
2051810
1907530
2013100
1997820
1903010
1904110
1970880
1961900
1866940
1982710
1958840
1923260
1952700
2055950
1414880
1898800
1867220
2019500
1964390
1794260
1969540
1652790
2022660
1888250
1288880
1901080
1960370
2008660
1789610
1887210
1655240
1998080
1657300
2023470
1980210
2018880
1205280
1821470
2000410
1412920
1968090
2012110
1936340
1943320
1935390
2019430
1935700
2020760
1936910
1857820
1862510
1987930
1975880
1890150
1795590
1917250
1957470
1408750
2009710
1919660
2013200
2004920
1928170
1998480
2015570
1978120
1979780
2018710
1296380
2004560
1951270
2017470
1193480
1966710
1966510
2000660
1935010
1648710
2018290
2012860
2000640
1996150
2017240
1440000
2017180
1961070
1601490
2020360
1972620
2011660
1898230
1597620
1445330
2021920
2023830
2052470
697990
2023660
1977180
1926580
1429120
1988420
2020410
1958110
1992910
1970130
1823240
1993250
2021420
2005940
1966790
1971040
1588800
2018590
1976560
1538560
1442330
1779820
2006880
2053420
1320210
1662780
1985330
1964910
1980970
2003120
1919890
1982770
1986110
2020970
868840
2013570
2004470
2054490
2014190
1310960
1840930
1975130
1959320
1954140
2003290
1617810
1945830
1996950
1946920
2012230
1976150
1921420
2002960
2015290
1965500
1542940
1978530
2053430
2012980
2054960
1994250
2026220
1856960
1973480
2005620
2017650
1965810
2004150
1942090
1987180
1983440
1968900
2010810
2017810
1807180
1928720
1516740
1345460
1964170
1994340
2021890
1995200
1999640
1806990
1947770
2056660
1924750
1916030
1663350
2016520
2006100
2027980
1948270
1984970
1624650
2020230
2011450
1999690
2057480
1768760
1269380
1887390
2018680
1992690
2026320
2056950
2057050
2018170
2020620
2020820
1400500
2024180
2019890
2009050
2057530
2021020
2054210
1443860
2018750
2016860
2027620
2057140
2024850
1991740
1177570