220
400
550
1002
1300
1500
1520
1525
1530
1700
2100
2200
2310
2350
2500
2520
2550
2570
2590
2720
2870
3170
3200
3270
3300
3310
3320
3330
3340
3350
3360
3370
3380
3390
3400
3410
3420
3430
3440
3450
3460
3470
3480
3490
3500
3510
3520
3530
3540
3560
3570
3580
3590
3600
3610
3620
3630
3640
3650
3820
3830
4100
4300
4320
4420
4540
4560
4570
4600
4700
4800
4800
4900
6100
6120
6220
6250
6310
6400
6500
6510
6860
6870
6880
7000
7010
7060
7200
7220
7260
7260
7400
7420
7470
7600
7670
7740
7800
7830
7860
7900
8000
8060
8100
8140
8170
8190
8600
8620
8640
8650
8660
8690
8740
8800
8880
8890
8930
9050
9060
9310
9450
9500
9880
9900
9940
9980
9990
10000
10000
10500
10500
10540
10680
11040
11050
11140
11200
11230
11340
11420
11450
11900
12800
12810
12830
12840
12900
13000
15500
15520
15620
15700
15710
15800
15900
15910
15920
15930
15940
15950
15960
15970
15980
15990
16000
16020
16030
16040
16060
16090
16100
16110
16120
16130
16180
16200
16450
16450
16450
16500
16600
16620
16870
17020
17100
17480
18000
18020
18120
18300
18500
18600
18700
18820
19030
19200
19320
19500
20700
20710
21010
21030
21300
21400
21500
21600
21640
21760
21900
21970
21980
22100
22130
22200
22600
22610
22650
22670
23100
23130
23140
23150
23300
23310
23310
23310
23380
23400
23420
23450
23460
23490
23510
23600
24400
24760
24980
25500
25600
25700
25800
25850
26000
26500
26710
26800
26900
27020
27600
27900
27920
28000
29160
29180
31100
31410
31700
31860
31900
31920
31930
31980
32000
32110
32120
32130
32150
32160
32200
33100
33110
33120
33130
33180
33390
33620
33900
33980
34000
34030
34220
34330
34500
34600
34650
34670
34900
35000
35010
35030
35130
35460
35480
35700
36700
36900
36910
37100
37400
37500
37700
37800
38700
38720
38740
38900
39110
39160
39560
39690
39800
40100
40300
40350
40390
40400
40420
40500
40700
41000
41100
41210
41300
41500
41660
41680
41800
42500
42910
43100
44100
44200
44350
45000
45100
45300
45400
45410
45450
46000
46520
46600
46770
47000
47500
47790
47800
47900
48220
48700
48800
49330
49400
49470
49600
50000
50130
50300
50820
55000
55150
57000
57300
57400
57620
57650
57690
57700
57740
57900
58200
58230
58300
58400
58540
58570
60800
63000
63380
64000
64000
65080
65400
65730
65980
67000
67370
70100
70110
70120
70200
70210
70300
70400
70420
70500
70900
71270
71320
71340
72400
73060
78000
80000
90100
90400
90500
90800
91200
91600
91800
92300
92600
92800
95000
95300
95500
96000
96200
96800
97000
97330
98200
98400
98600
99830
99890
99890
100970
100980
102200
102500
102600
104000
105700
107100
107200
107600
107800
108500
109700
110500
110600
111000
111010
111600
111800
112100
116120
200050
200190
200410
200510
200550
201490
201790
202130
202170
202310
202410
202690
202730
203510
203730
203750
203770
203990
204080
204180
204360
204450
204960
205190
205230
205250
205270
205530
206190
206690
207020
207040
207140
207490
207530
207650
207890
207930
208460
208500
208520
209330
209630
209790
210420
210770
211440
211800
212030
212110
212700
213850
214570
214590
215160
215450
216260
216290
216610
217290
218040
218090
218410
218660
218860
220160
220200
220700
220820
221020
221540
221830
223220
223730
223850
224220
224600
224900
227220
227300
227320
227760
228760
229560
229870
230270
230820
230860
232910
233190
233680
233700
234080
234390
234820
235070
235360
235380
235520
235580
235720
235800
236450
236470
236490
236850
236870
236890
237370
237870
238850
239140
239840
240600
241560
241790
242780
243120
243360
243450
243800
244770
244830
245490
245730
248310
248530
249330
250620
250640
251230
251810
252550
252690
253470
253690
253750
253840
254130
255390
255420
256370
256390
257830
258050
259430
259550
260330
260530
261510
262000
262210
262510
262590
263060
263600
263860
264520
264560
265120
265830
266230
266290
267340
267360
268050
268710
269190
269550
269610
269650
269770
269790
270010
270150
270450
270880
274230
274270
274480
275200
276870
278550
278590
279140
279580
280180
280200
280680
280720
281750
281940
282780
282800
282880
283040
284140
284410
284970
285130
285780
285800
286220
286260
287260
287680
287860
288260
288260
288420
288880
288930
289070
290000
290020
291270
291450
292400
293420
293800
293880
293940
294020
294230
294460
295770
296150
296610
296850
297080
297130
297350
298280
298600
299360
299380
299440
299460
299540
300340
301190
301200
301320
301970
302590
302870
303340
303430
303830
303870
304290
304430
304460
304810
304850
304970
305740
306550
307070
307270
307570
307580
307590
308380
308560
308600
310370
310490
310740
310760
310810
310830
311480
311800
311870
311930
312300
312630
312920
313360
313960
314230
314240
314250
314350
314360
314470
314700
314790
314810
315070
315130
315240
315540
315810
315830
315930
316080
316830
316840
317080
317250
317330
317340
317370
317380
317440
317730
318310
318330
318530
319050
319210
319250
319270
319280
319630
320090
320300
320540
321080
321290
321370
321920
322680
322750
323380
323430
323680
324070
324390
325060
325180
325420
326120
326230
326520
327150
327220
327490
327860
328550
328590
328730
328760
329240
329340
329460
330420
330820
331390
331610
331720
331760
331780
332150
333120
333250
333390
333600
333980
334070
334310
334560
334670
334690
334710
334960
335000
335010
335660
335690
335770
336130
336200
336220
336230
336240
336840
337130
337150
337630
337650
337930
338190
338420
338550
338980
339130
339350
339510
339570
339790
340020
340050
340070
340250
340330
340440
340450
340490
340730
340800
340820
340880
341050
341070
341150
341440
341490
341550
341750
341870
341890
342090
342100
342510
342580
342650
342890
342970
343100
343320
343370
343390
343560
344220
344630
344770
345030
345370
345440
345660
345890
346220
346240
346560
346610
346730
346810
347400
348030
348160
348360
348980
349220
349250
349260
349460
349680
350070
350150
350480
350620
350740
350910
351170
351300
351400
352130
352290
352610
352720
352850
353640
353830
354160
354860
354930
355060
355080
355230
355370
355380
355420
355460
355520
355790
355860
356000
356180
356390
356800
357280
357340
357890
357910
358700
358810
359140
359390
359560
359580
359840
359940
359970
360390
360430
360550
361260
361950
362020
362060
362660
362680
362860
363020
363500
364210
364390
364970
365140
365210
365350
365590
365870
365960
366460
366550
366590
367020
367520
367710
368140
368340
368390
369360
369530
369550
370300
370570
370750
370840
370910
371120
371190
371300
371550
371620
371650
371670
371790
372030
372490
372670
372930
372940
372970
373140
373290
373360
373930
374030
374050
374240
374520
374900
375010
375130
375150
375390
375530
375550
375750
375900
375960
376210
376250
376870
377100
377150
377220
377280
377450
377690
377880
378240
378540
378720
378770
378850
379610
380080
380180
380560
380810
381010
381310
382050
382140
382260
382570
383240
383460
383690
383930
384040
384310
384330
384660
384950
385130
385250
385270
385330
385410
385810
386340
386470
386520
386710
386970
387100
388270
388320
388360
388420
388430
388440
389670
389800
390290
390610
390680
390710
390870
390960
391190
391300
391310
391420
392000
392120
392600
392620
392680
392780
392970
393190
394130
394700
394760
395470
395860
396230
396860
396870
396930
397160
397660
397730
397780
397810
398670
398850
398950
398970
398980
399820
400130
400630
400800
400940
401170
401250
401330
402040
402300
402330
402670
403230
403590
403640
403780
403840
403940
404200
404590
404630
405970
406220
406650
406850
406970
407310
407730
407880
408000
408400
408520
408650
408960
409350
409440
409530
409870
410060
410370
410910
411130
411520
411570
412050
412270
412490
412660
412720
412770
413680
413870
414080
414120
414370
414700
414810
415620
415740
415910
416000
416030
416230
416250
416380
416640
417400
417430
417900
417990
418120
418150
418240
418440
418670
419020
420550
420560
420850
421170
421180
421630
421910
422110
422320
423120
423320
423440
423590
423760
425210
425600
425720
425760
425820
426250
426330
427250
427520
427780
428020
428040
428080
428180
428420
428610
428660
428860
428980
429660
429690
430070
431180
431640
431830
432130
432210
432850
432870
432950
433000
433340
433370
433480
433700
433750
433920
433970
434140
434250
434270
434600
434930
435020
435040
435380
435790
435800
435840
436070
436140
436510
436680
436870
437020
437080
437390
437520
437740
438120
438240
438450
438460
438660
438770
438780
438920
438920
439310
439550
439730
439740
439750
439770
440280
440540
440630
440770
440800
441560
442140
442660
443000
443530
443630
443830
443890
444170
444550
445140
445870
446040
446310
446330
446810
446840
447150
447960
448170
448500
448620
448720
448750
449210
449340
449960
451000
451340
451570
451800
452340
452450
453130
453740
454250
454330
454520
454550
454950
455100
455830
455940
456610
456740
456830
457210
457340
457450
458990
459090
459310
459830
460210
460250
460430
460730
460750
460940
461100
461190
461210
461280
461410
461430
461620
461650
461680
461700
461810
461850
462000
462130
462640
462730
463240
463320
463440
463530
463670
463800
463940
464100
464170
464380
464850
465020
465280
465430
465760
465780
466430
466450
466740
466800
466820
467220
467400
467530
467570
467820
467990
468170
468240
468740
469900
470130
470140
470220
470480
470780
470890
471170
471700
473140
473500
473530
473540
474210
474880
475090
475190
475550
476430
476490
476650
477170
477720
477740
479110
479990
480490
481180
481870
482400
483820
483950
484350
484870
484990
485080
485130
485160
485350
485920
486230
486720
487160
487380
487430
487500
487630
487720
487730
488040
488150
488300
488960
489020
489160
489170
489180
489360
489380
489400
490250
490280
490950
491060
491440
491620
491950
492370
492500
493180
493480
494100
494230
494530
494580
494700
494850
495230
495280
495290
495580
495600
495680
495820
495900
496000
496080
496260
496310
496400
496570
496670
496790
496930
497080
497300
497460
498240
498370
498380
498450
498460
498700
498970
498980
499400
499900
499940
500440
500740
500880
500980
501220
501350
502160
502250
502400
502480
502600
502710
502990
503420
503750
503860
504130
504310
504430
504460
504560
504620
504690
505230
505330
505460
505730
506150
506160
506900
507060
507500
508260
508790
509070
509140
509380
509540
509800
509840
510060
510180
510540
510570
511140
511320
511420
511570
511690
511700
512200
512300
513050
513330
513580
513960
513970
514090
514510
514830
514990
515000
515740
516550
516590
516810
516830
516890
517210
517240
517460
517660
517700
517710
518190
518640
520010
520150
520680
520850
521140
521510
521540
521890
521920
521950
522900
523220
523650
523860
524390
524520
524540
524560
524640
525050
525070
525330
525350
525360
525460
525640
525690
526310
526440
526550
526800
527350
527580
528120
528420
528430
528720
528730
528950
528960
529040
529130
529480
529520
529630
529790
529830
530290
530350
530360
530510
530930
531050
531270
531980
532070
532290
532900
533280
533700
533800
533990
534560
535000
535170
535280
535370
535380
535410
535700
536050
536410
536430
536530
536990
537380
537660
538070
538330
538710
539380
540360
540410
540500
540660
541200
541230
541930
542200
543120
543440
543510
543580
543930
543980
544000
544510
545840
545960
546120
546340
546410
546610
546670
546960
547340
547390
547410
547810
547860
547990
549000
549710
550590
550600
551010
552370
552540
552600
552720
552880
553260
553530
553950
555160
555630
555640
555720
556070
556230
556480
556740
556890
557190
557460
557630
557700
558010
558410
558420
558780
559130
559250
559650
559910
560080
560770
561510
561770
562280
562330
562510
563250
563270
563530
564080
564720
565110
565200
565980
566170
566190
566270
566490
566900
567060
567210
567380
567860
568490
568610
568930
569290
569590
569640
570890
571520
571890
572480
573070
573130
574170
575170
575480
575570
576160
576260
576640
576740
576840
576960
577230
578260
578440
578670
578930
579020
579330
580950
581230
582030
582350
582490
583010
583530
584070
584890
585010
585740
586020
586670
586830
587070
588030
588800
589220
589380
589480
589860
590560
590970
591640
591760
592580
592640
593280
593680
593850
594490
594660
594750
595140
596080
596540
596580
596890
596910
597240
597700
598640
598740
600660
600720
600740
601080
601320
601530
601700
602630
602660
602920
603220
603450
603730
603750
603790
603930
604000
604030
604300
604330
604550
605040
605490
605800
606720
607400
607760
607780
608870
609760
609990
610680
610980
611320
611640
611690
612570
612600
613130
614030
614970
615120
615150
615530
615970
616250
616420
616490
617020
617160
617350
617590
617850
618370
618550
618560
618670
618690
620210
621000
621300
622010
622060
622290
622670
624090
624120
625940
625990
626550
626640
628410
628670
629410
629430
629440
629520
629600
630260
630550
630830
630870
631990
632800
632900
633150
633580
633600
634810
635200
635590
635830
636950
636970
637650
638990
639720
639770
640820
641980
642170
642710
643570
643970
644340
645130
645820
646330
647740
647820
648020
648510
648530
650570
650680
650820
652070
652160
652330
652410
652610
652800
653550
653840
654600
655200
655540
655610
658230
658440
659220
659780
660900
660940
661110
661180
661360
661410
662200
662870
663120
664180
664780
665680
666140
666150
666360
666610
666910
667120
668340
668460
668660
669380
669390
670140
670340
670510
670970
671130
671260
671850
672130
673190
673240
674010
674420
675180
675240
676130
677820
678230
679230
679780
680480
681090
682170
682670
682740
684060
684700
685450
686360
688000
688900
689030
689680
690210
692010
692930
694150
696280
696910
697370
697450
697680
698260
698670
698710
698770
698790
698870
699570
700060
700490
700520
700830
701020
701620
701630
701910
703100
703720
704430
704470
704850
704970
705050
705130
705210
705570
705740
705770
706710
706850
707340
707470
707950
708360
708940
708970
709880
710160
710220
710240
710620
710710
710740
710820
711050
711240
711330
711350
711540
711600
711760
712760
713370
714050
714120
714340
714970
715020
715440
716030
716220
716380
716770
717190
717240
717610
717780
717850
718010
718320
718590
718670
719600
719750
720560
720640
720730
721470
721760
721850
722210
722370
722600
722620
722910
723100
723130
723560
724030
724170
724220
724370
725410
725780
726230
726460
726610
727130
727190
727450
727480
727830
728090
728100
728170
728610
728770
730270
730390
731250
731320
731720
732160
732440
732930
732940
733110
733300
733750
733820
733910
734350
734490
735010
735290
735570
736190
736240
736250
736280
736590
736850
737690
738270
738880
738950
739100
739260
739730
739890
740040
740280
741520
741670
741730
742150
743330
743450
744010
744050
744260
744390
744460
744910
745180
745250
745880
745920
746020
746030
746560
746580
746930
747360
747690
748010
748300
748890
749160
749200
749270
749520
749720
749800
750200
750920
751320
751390
751920
751940
752000
752020
752170
752590
752770
752800
752810
752830
752850
753390
753590
753930
753950
754020
754270
754310
755340
755390
755410
755470
755920
756210
756290
756380
756600
756640
757080
757450
757480
757630
758090
758250
758410
758570
758690
759010
759250
759940
759980
760360
760680
761030
761910
762860
763140
763320
763930
763950
763990
764180
764510
765010
765370
765450
765700
765730
765880
766280
766740
767490
767660
767680
767860
769020
769100
769160
769520
769720
770120
770240
770860
771070
771370
771710
771770
771810
772060
772240
772260
772300
772320
772340
772360
772430
773000
773090
773150
773210
773320
773660
774201
774221
774361
775460
775590
775960
776000
776020
776070
776740
776920
777590
777760
777770
778470
778580
778600
778900
779110
779290
779320
779410
779640
780220
781310
781480
781500
781670
781790
781840
781890
782340
783120
783400
783430
783820
783850
783860
784890
785560
785790
786290
786340
786510
786620
787810
788020
788100
788870
788890
789280
789580
789770
789880
789950
791190
791200
791240
791260
791390
791470
791620
791770
792280
792300
792370
792560
792820
793100
793190
793280
793560
793570
793970
794490
794540
794550
794740
795110
795120
795160
795990
796180
796520
796920
798180
798350
798510
798650
798710
798730
798780
798810
799340
799540
799570
799600
800030
800050
800120
800180
800190
800290
800510
800520
800560
800580
800600
800620
800650
800720
800820
801480
801660
802450
802560
803310
803600
804230
804330
804530
805120
805150
805160
805220
805990
806480
806490
806740
806880
806900
809080
809540
809680
809870
810100
810580
810590
811070
811320
811890
812590
812890
813250
813630
813860
813930
814370
814680
814870
814990
815150
815210
815260
815450
815480
815490
815730
815840
816600
816720
816870
817720
818060
818140
818360
818610
818620
818950
819070
819460
820070
820480
820540
821230
821380
822770
822800
822810
822920
824470
824600
825060
825300
825320
825500
826450
826600
827210
827520
828100
828320
828740
828970
829370
829590
831050
831110
831660
832140
833500
833800
833810
833820
833870
833960
833980
834170
834340
834440
834450
834580
835130
835710
836010
836600
836640
836940
837190
837400
837460
837500
837510
837960
838050
838110
838630
839350
839940
840140
840240
840260
841120
841570
842100
842910
843280
843380
843390
843810
843850
843930
844180
844660
845030
845050
845840
846030
846130
846690
846700
846750
846870
847290
847300
847310
847550
847560
847780
847860
848080
848410
848530
848660
849560
849980
850310
850320
850550
850690
850710
851220
851280
851350
851590
851770
852620
852910
853700
854570
854870
855030
855630
855710
856270
856310
857230
857320
857460
857900
857950
858050
858080
858490
858640
858680
858740
858780
859170
859280
859960
861960
862440
863300
863640
863810
864130
864160
864310
864680
864760
864860
865810
866350
866800
867470
867590
868180
868780
869290
869300
869460
869470
869870
870090
870360
871670
872220
872410
872670
872790
872820
873120
873290
873330
873490
873720
873850
873860
873940
874440
875310
875640
876260
876300
876650
877200
877440
877550
877840
878030
878150
878240
878340
878350
878580
879270
879510
879520
879850
880320
880770
880950
881040
881060
881190
881810
882150
882230
883020
883560
883680
884070
884400
884410
884420
884430
884600
884610
885120
885250
885950
886180
886330
886390
886630
887300
887450
887820
888750
888810
888990
889030
889670
890060
890210
890220
890500
890700
890720
891130
891170
891330
891420
891520
891790
892460
892780
892910
893360
893610
893670
893680
893710
893810
893970
894340
895670
895820
896400
896890
897890
898580
898670
898720
898790
898890
898940
899310
899390
899460
900290
901000
903700
903790
903910
904300
904450
904600
904810
904890
905130
905340
905380
905660
906390
906600
906680
906750
906770
907190
907270
907350
907380
907630
907770
907820
908050
908390
908440
908660
909460
909510
909670
909820
910280
910470
910630
910730
910800
911220
911550
911580
911680
911700
911760
912420
912960
913180
913500
914010
914710
914800
914890
915600
915770
916040
916050
916180
916320
917280
917920
918380
918430
918450
918500
918980
919300
919410
919440
919890
920320
920640
920690
921090
921520
921770
921890
921900
921960
922040
922410
922710
923080
923340
923430
923910
924070
924380
924660
924780
924960
924980
925460
925570
925980
926250
926340
926410
926450
926480
926490
926860
927080
927120
928000
928350
928480
928690
928830
929020
929140
929270
930220
930330
930360
930630
930970
931560
931610
931870
932170
932210
932220
932570
932790
932800
933080
933680
933860
934950
935140
935360
935400
935490
935640
935670
935970
936070
936150
936170
936510
936610
936870
937120
937390
937490
937860
937870
938050
938100
938850
939160
939240
939600
939790
939850
940140
940300
940680
941410
941490
941630
941650
941800
942010
942320
943140
943190
944620
944650
944710
944960
945160
945490
946560
946660
947430
947600
948470
948960
949000
949130
949330
949830
949990
950260
950400
951000
952010
952020
952030
952240
952370
952950
953110
953270
953310
953340
953490
953870
954240
954280
954360
954400
954410
954860
955020
955190
955360
955370
955380
955400
956270
956360
956580
956680
956870
957350
957770
957860
958220
958640
959690
960420
960650
960690
960710
960910
960990
961010
962290
963190
963370
963400
963770
964100
964240
964570
964770
965640
965670
965910
965990
966070
966180
966430
966660
967120
967950
968300
968320
968370
968620
968710
969760
970580
970600
971030
971120
971230
971710
972660
972920
973070
974180
974910
975100
975150
975230
975270
975750
976680
976800
977230
977580
977670
977780
977880
978190
978640
978700
978790
978800
979310
979350
979400
979520
979620
979760
980170
980300
980480
980630
980690
981020
981140
981540
981670
981870
982400
982670
982840
983040
983150
983520
983900
983970
983990
984300
984360
984610
984800
984870
984910
985440
985590
985780
985950
986310
986820
986830
986920
986950
987020
987140
987190
987200
987370
987720
988070
988590
988910
988940
989060
990000
990020
990900
990920
991170
991270
991510
991740
992240
992260
992330
992360
992680
992690
992700
992740
992910
993090
993530
994200
994500
994860
995000
995580
996450
996470
996770
997240
997530
997640
998830
998850
999200
999390
999860
999930
1000000
1000010
1000810
1000880
1001040
1001230
1001490
1001500
1001530
1001800
1001870
1002180
1002200
1002270
1002510
1003230
1003560
1003700
1003880
1003900
1004050
1004520
1004570
1004620
1004660
1004770
1004800
1005080
1005100
1005950
1006710
1006800
1006940
1007490
1007520
1007760
1007830
1007840
1008600
1009210
1009330
1009890
1010600
1011600
1011820
1012210
1012360
1013560
1013910
1013960
1014240
1014280
1014390
1014580
1014850
1014900
1015100
1015180
1015940
1016630
1016770
1016830
1016860
1016980
1017600
1018170
1018380
1018640
1018880
1019790
1019910
1020310
1020410
1020910
1021220
1021370
1021770
1022000
1022150
1022990
1023090
1023260
1023310
1023410
1023680
1023790
1024160
1024640
1025160
1025990
1026160
1026610
1027060
1027120
1028630
1028740
1028820
1029070
1029130
1029150
1029540
1030430
1031170
1031440
1031580
1031790
1032040
1032080
1032170
1032220
1032790
1033080
1033140
1033950
1034170
1035120
1035280
1035560
1035840
1035850
1035990
1036000
1036080
1037120
1037460
1037830
1039040
1039280
1039440
1040230
1040240
1040390
1040420
1040710
1040900
1040910
1041160
1041270
1041390
1041660
1042010
1042110
1042310
1042380
1042960
1043200
1043610
1044180
1044300
1044630
1044820
1044900
1044920
1045060
1045530
1045680
1046140
1046630
1046740
1046760
1047010
1047110
1047430
1047920
1048610
1049100
1049220
1049310
1049410
1049490
1049690
1049890
1049920
1050160
1050210
1050340
1050720
1052210
1052230
1052640
1054430
1054470
1054500
1054640
1054710
1055020
1055210
1055590
1055850
1055930
1056280
1056370
1056680
1057040
1057650
1057810
1058040
1058140
1058280
1058430
1058470
1058840
1059080
1059110
1059230
1059460
1059470
1059520
1060210
1060220
1060360
1061180
1061220
1061610
1062090
1062140
1062680
1062830
1063210
1063490
1063510
1063710
1064160
1064320
1065100
1065770
1065780
1065900
1066010
1066580
1067360
1067540
1067580
1068050
1068520
1068990
1069210
1069290
1069390
1069610
1069810
1069820
1070110
1070410
1070440
1070850
1071100
1071190
1071220
1071280
1071410
1072070
1072110
1072280
1072420
1072600
1072610
1072840
1073130
1073280
1074150
1074550
1076020
1076040
1076050
1076640
1077450
1077760
1077970
1078140
1078240
1078510
1078920
1079040
1079160
1079260
1079470
1079780
1079830
1079870
1080040
1080090
1080130
1080250
1080450
1080490
1080790
1080990
1081400
1081420
1081450
1081470
1081670
1081960
1082480
1082620
1083270
1083350
1083460
1083580
1083700
1083760
1084130
1084480
1084880
1085040
1085900
1085990
1086670
1086750
1086990
1087440
1088420
1088600
1088610
1088720
1088950
1089920
1090030
1090940
1091020
1091070
1091260
1092000
1092400
1092560
1092780
1092950
1093180
1093860
1094820
1094920
1095260
1095360
1095480
1095750
1095760
1095810
1096090
1096180
1096240
1096530
1096690
1096960
1097110
1097170
1097560
1097670
1097690
1097710
1097770
1098200
1098280
1098370
1098420
1098770
1098810
1099220
1100300
1100600
1100620
1100910
1101310
1101420
1101980
1103550
1104530
1104570
1104610
1105220
1105600
1105890
1106700
1106730
1107730
1107750
1107820
1108250
1108310
1108590
1109120
1109130
1109280
1109350
1109690
1110030
1110050
1110620
1111600
1111870
1111970
1112360
1112620
1112640
1113060
1113490
1113740
1114480
1114540
1114640
1114690
1115690
1115760
1116260
1116560
1116690
1117470
1117840
1118000
1118350
1118630
1119600
1120420
1120560
1120580
1120820
1121510
1121880
1122180
1122360
1122820
1123450
1123500
1123590
1124390
1124400
1124410
1124560
1124850
1124980
1124990
1125340
1125350
1125420
1125480
1125670
1125820
1126240
1126270
1126300
1126310
1126420
1126900
1127250
1127610
1128190
1128260
1128750
1129090
1129190
1129240
1130440
1130820
1131670
1131690
1131740
1132100
1132290
1132450
1132510
1132540
1132670
1132840
1133120
1133420
1133470
1133640
1133930
1133980
1134020
1134450
1134550
1135450
1135740
1136020
1136070
1136200
1136760
1137270
1137330
1137350
1137400
1137420
1137550
1138100
1138330
1138380
1138410
1138800
1138810
1138850
1138970
1139490
1139840
1139900
1140060
1140130
1140170
1140400
1140740
1140870
1141160
1141280
1141290
1141600
1141860
1142200
1142240
1142560
1142680
1142890
1143310
1143550
1143720
1143750
1144380
1144400
1144510
1144970
1145050
1146170
1146360
1147000
1147270
1147280
1147560
1147870
1147950
1148570
1149860
1149930
1150390
1150500
1150820
1151330
1151410
1151680
1152050
1152660
1152820
1153720
1154090
1154110
1154300
1154470
1154680
1154810
1155410
1155620
1155700
1155970
1156200
1156380
1156490
1156900
1156950
1156980
1157020
1157100
1157120
1157820
1158230
1158470
1158980
1159260
1159950
1160060
1160950
1161150
1161360
1161510
1162280
1162390
1162750
1162920
1163140
1163740
1164050
1164060
1164330
1164460
1164480
1164860
1164940
1165230
1166110
1166130
1166290
1166400
1166550
1166600
1166760
1166800
1166840
1167170
1167380
1167470
1167540
1167550
1167700
1168210
1169100
1169630
1170120
1170290
1170330
1170370
1170440
1170570
1170580
1171160
1171570
1171820
1171840
1171970
1172190
1172350
1173200
1173230
1173240
1173310
1173640
1173910
1174400
1174670
1174820
1174830
1175050
1175120
1175330
1175430
1175530
1175600
1175960
1177080
1177190
1177380
1179080
1179350
1179580
1179690
1180000
1180370
1180520
1181040
1181070
1181140
1181490
1181520
1181820
1181880
1183080
1183170
1183230
1183260
1183280
1183300
1183350
1183800
1184210
1184370
1184750
1184790
1184810
1184840
1184980
1185630
1186040
1186580
1186640
1187410
1187560
1188260
1188400
1188800
1188990
1189080
1189350
1189440
1189680
1191650
1192440
1192840
1193300
1193330
1193420
1193520
1193530
1193590
1194630
1194670
1194750
1194770
1195090
1195140
1195230
1195290
1195320
1195360
1196240
1196550
1197030
1197070
1197380
1197730
1198040
1198400
1198510
1198550
1199220
1199790
1200180
1200290
1201090
1201270
1201550
1201750
1202300
1202430
1202540
1202570
1202690
1202760
1204940
1205270
1205450
1205700
1206090
1206180
1206770
1207500
1207650
1207850
1208180
1208220
1209080
1209420
1209770
1210590
1211740
1212380
1212400
1212530
1213140
1213370
1213400
1213810
1214720
1214930
1215000
1215380
1215390
1215550
1216350
1216550
1217180
1217350
1217710
1217870
1218210
1218360
1218580
1219420
1219810
1219840
1219860
1220040
1220370
1220580
1220600
1221320
1221620
1221670
1221990
1222090
1222140
1222170
1222220
1222400
1222570
1222840
1223390
1223500
1223810
1223820
1224840
1225100
1225120
1225240
1225780
1225890
1226940
1227100
1227320
1227400
1227750
1227760
1228600
1229380
1229450
1229490
1229530
1230120
1230140
1231460
1231990
1232010
1232590
1232650
1232870
1233270
1233420
1233720
1233850
1233950
1234030
1234160
1234700
1234750
1234930
1234960
1234970
1235400
1235510
1235520
1235980
1236180
1237040
1237870
1237900
1238400
1238990
1239740
1239980
1243320
1243580
1243700
1243980
1244300
1244930
1245000
1245430
1245670
1245820
1247940
1248370
1248460
1248590
1248870
1249130
1249260
1249290
1250120
1250670
1251470
1251780
1251800
1252320
1252830
1253320
1253880
1254410
1255160
1255740
1255990
1256220
1256900
1256970
1257370
1257590
1258310
1258590
1258930
1260670
1260820
1260840
1261820
1261900
1262230
1263850
1263860
1264710
1265300
1265960
1266100
1266210
1266610
1266680
1268790
1268800
1269080
1269850
1269950
1270080
1270230
1273270
1273350
1274210
1274250
1274280
1274390
1274910
1275150
1277140
1280210
1280290
1280490
1282540
1282650
1283380
1283450
1283920
1284130
1284380
1284870
1285070
1286930
1287170
1287700
1288650
1288730
1289510
1290270
1290350
1290460
1292520
1292790
1292860
1292880
1292980
1293000
1293050
1293110
1293170
1293180
1293220
1293300
1293420
1293480
1293510
1293520
1293610
1293660
1293670
1293700
1293730
1293740
1293760
1293910
1294120
1294170
1294260
1294310
1294320
1294340
1294380
1294480
1294500
1294620
1294680
1294760
1294780
1294910
1294970
1295000
1295140
1295220
1295390
1295480
1295500
1295510
1295560
1295600
1295610
1295740
1295750
1295790
1295810
1295920
1296200
1296340
1296470
1296610
1296700
1296880
1296980
1297010
1297090
1297180
1297200
1297240
1297270
1297330
1297440
1297530
1297540
1297660
1297680
1297800
1297950
1298010
1298020
1298040
1298080
1298140
1298270
1298280
1298310
1298360
1298480
1298510
1298520
1298530
1298550
1298620
1298670
1298690
1298750
1298950
1298960
1299010
1299040
1299070
1299330
1299340
1299400
1299410
1299430
1299480
1299540
1299620
1299690
1299790
1299800
1299810
1299860
1299930
1300010
1300060
1300180
1300190
1300260
1300330
1300350
1300430
1300600
1300610
1300650
1300720
1300760
1300790
1300840
1300860
1300880
1300900
1301110
1301210
1301230
1301310
1301340
1301390
1301430
1301520
1301580
1301590
1301710
1301720
1301730
1301770
1301820
1301830
1301860
1301910
1301930
1301950
1301980
1302030
1302050
1302090
1302200
1302220
1302230
1302240
1302300
1302420
1302530
1302540
1302570
1302600
1302730
1302760
1302770
1302780
1302820
1302850
1302920
1302930
1303050
1303130
1303400
1303450
1303460
1303470
1303480
1303550
1303620
1303640
1303660
1303720
1303860
1303940
1303950
1303990
1304070
1304090
1304130
1304160
1304280
1304420
1304610
1304690
1304730
1304770
1304780
1304810
1304850
1305060
1305080
1305120
1305130
1305150
1305180
1305190
1305220
1305270
1305280
1305320
1305390
1305470
1305510
1305570
1305640
1305780
1305820
1305990
1306010
1306720
1306750
1306770
1306970
1307090
1307310
1307580
1307670
1308220
1308500
1308760
1308790
1308920
1308940
1309490
1309720
1310230
1310720
1310970
1311070
1311220
1311300
1311510
1311730
1312420
1313110
1313210
1313340
1314040
1314590
1315000
1315160
1315230
1315250
1315610
1315620
1315710
1315780
1316060
1316160
1316310
1316530
1316830
1316870
1317270
1317430
1317500
1318240
1318550
1318730
1318740
1318990
1319100
1319320
1319420
1319460
1319550
1319850
1319880
1320000
1320230
1320490
1320990
1321030
1321070
1321650
1321680
1321890
1322300
1323540
1323580
1323710
1323830
1323860
1323900
1324420
1324710
1324830
1325080
1325520
1325730
1325870
1325900
1326080
1326110
1326270
1326290
1327140
1327430
1327440
1327540
1328460
1328530
1328620
1329080
1329350
1329790
1329990
1330000
1330100
1330460
1330470
1330930
1330940
1330960
1331060
1331210
1331390
1331420
1331440
1331510
1331560
1331660
1331930
1332090
1332100
1332150
1332370
1332540
1332570
1332590
1332610
1332730
1332760
1332940
1332990
1333030
1333380
1333470
1333520
1333910
1334000
1334150
1334230
1334330
1334510
1334580
1334730
1334750
1334780
1334910
1335230
1335530
1335580
1335680
1335700
1335790
1335800
1335830
1336050
1336210
1336290
1336380
1336490
1336500
1336570
1336830
1337000
1337030
1337710
1338020
1338030
1338330
1338410
1338520
1338620
1338940
1339260
1339310
1339340
1339500
1339590
1339860
1339960
1340180
1340260
1340300
1340310
1340640
1340870
1341050
1341170
1341400
1341460
1341680
1341900
1342020
1342360
1342540
1342620
1342900
1343110
1343480
1343670
1343700
1343800
1343920
1343970
1344120
1344390
1344430
1344440
1344450
1344500
1344820
1344830
1344880
1345040
1345270
1345280
1345340
1345350
1345370
1345740
1345780
1345820
1346010
1346110
1346120
1346210
1346420
1346460
1346700
1347070
1347080
1347130
1347240
1347540
1347630
1348130
1348390
1348520
1348680
1348760
1348800
1348810
1348920
1349370
1349460
1349600
1349640
1349680
1349830
1349850
1349930
1350060
1350350
1350590
1350780
1351140
1351180
1351290
1351360
1351500
1351630
1351670
1351710
1351820
1352130
1352200
1352340
1352450
1352480
1352540
1352660
1352750
1352910
1353160
1353180
1353660
1353830
1354230
1354540
1354690
1354750
1354770
1354800
1354830
1354940
1355050
1355090
1355310
1355360
1355450
1355510
1355560
1355720
1355840
1355970
1356030
1356040
1356280
1356440
1356580
1356810
1357220
1357430
1357680
1358010
1358020
1358110
1358470
1358530
1358760
1358970
1359120
1359260
1359440
1359760
1359850
1359990
1360130
1360160
1360290
1360390
1360550
1360650
1360660
1360720
1360810
1361010
1361070
1361180
1361490
1361610
1361720
1361840
1361980
1362120
1362340
1362400
1362520
1362650
1362750
1362760
1362960
1363170
1363210
1363350
1363360
1363680
1363850
1364100
1364380
1364580
1364710
1364740
1365140
1365380
1365530
1365630
1365680
1365720
1365750
1366060
1366110
1366650
1366700
1366770
1366930
1367050
1367090
1367180
1367300
1367550
1367590
1367960
1368030
1368160
1368230
1368240
1368320
1368410
1368670
1368850
1369340
1369610
1369720
1369730
1369800
1370220
1370530
1370640
1370940
1370970
1371050
1371220
1371500
1371690
1371710
1371780
1371880
1372210
1372220
1372300
1372530
1372570
1372820
1373230
1373260
1373270
1373300
1373430
1373910
1373950
1374260
1374290
1374400
1374410
1374580
1374640
1374750
1374910
1374920
1375040
1375510
1375630
1375640
1375890
1376010
1376290
1376550
1376590
1376840
1376910
1377000
1377160
1377410
1377430
1377450
1377710
1378020
1378200
1378290
1378350
1378360
1378370
1378470
1378580
1378660
1378690
1378750
1378780
1378800
1378870
1379050
1379270
1379870
1379960
1380120
1380220
1380280
1380320
1380650
1380660
1381370
1381460
1381520
1381770
1381850
1381890
1382020
1382290
1382320
1382490
1382770
1383140
1383200
1383280
1383310
1383370
1383440
1383490
1383660
1383690
1383700
1383920
1383980
1384010
1384110
1384320
1384450
1384490
1384530
1384760
1384820
1384880
1384960
1385100
1385210
1385260
1385280
1385380
1385580
1385590
1385670
1385920
1385990
1386020
1386090
1386110
1386140
1386180
1386280
1386500
1386510
1386620
1386780
1386830
1386900
1386940
1387000
1387250
1387300
1387460
1387580
1387590
1387650
1387900
1387950
1388170
1388260
1388390
1388690
1388720
1388890
1389120
1389180
1389200
1389270
1389360
1389550
1389580
1389690
1389750
1389850
1389870
1389900
1390190
1390290
1390350
1390600
1390670
1390700
1390870
1390900
1391020
1391340
1391400
1391570
1391610
1391680
1391740
1392140
1392410
1392650
1392690
1392780
1392980
1393310
1393320
1393340
1393420
1393490
1393550
1393580
1393780
1393910
1394130
1394210
1394240
1394250
1394480
1394650
1394690
1394700
1394930
1394960
1395030
1395120
1395190
1395270
1395400
1395410
1395450
1395630
1395660
1395760
1395830
1395890
1395900
1395920
1396050
1396140
1396150
1396480
1396630
1396870
1396930
1396980
1397050
1397130
1397290
1397360
1397760
1398080
1398110
1398210
1398390
1398460
1398500
1398740
1398780
1398900
1398990
1399040
1399190
1399210
1399280
1399300
1399460
1399630
1399700
1399850
1400040
1400060
1400260
1400270
1400360
1400630
1400700
1400700
1400830
1400910
1400940
1401070
1401130
1401340
1401620
1401630
1401890
1401970
1402010
1402030
1402060
1402400
1402420
1402740
1402820
1402900
1403010
1403020
1403110
1403190
1403230
1403310
1403400
1403520
1403650
1403960
1404030
1404070
1404080
1404300
1404330
1404500
1404520
1404660
1404710
1404850
1404960
1404970
1405050
1405090
1405130
1405260
1405440
1405500
1405730
1405740
1406000
1406090
1406200
1406240
1406770
1406780
1406850
1407080
1407150
1407300
1407420
1407430
1407450
1407530
1407640
1407760
1408050
1408060
1408160
1408200
1408300
1408350
1408430
1408470
1408680
1408860
1409030
1409270
1409300
1409350
1409540
1409730
1409810
1410140
1410200
1410330
1410370
1410490
1410640
1411260
1411380
1411740
1411770
1412080
1412310
1412380
1412420
1412640
1412890
1413250
1413260
1413370
1413470
1413550
1413590
1413670
1413940
1414030
1414180
1414250
1414400
1414470
1414480
1414520
1414910
1415280
1415320
1416120
1416150
1416190
1416220
1416290
1416760
1416770
1417420
1417460
1417610
1417770
1417880
1417890
1417930
1418100
1418520
1418540
1418610
1418630
1418650
1418990
1419150
1419190
1419200
1419290
1419330
1419380
1419980
1420510
1420630
1421690
1421790
1422020
1422190
1422290
1422420
1422570
1422630
1422760
1422910
1423060
1423090
1423150
1423720
1424300
1424500
1424710
1424960
1425030
1425190
1425270
1425360
1425730
1425760
1425990
1426010
1426480
1426730
1426740
1427040
1427120
1427320
1427780
1428360
1428520
1428770
1429500
1429610
1429640
1430070
1430350
1430570
1430620
1430750
1430760
1430930
1431170
1431340
1431550
1431890
1431930
1432200
1432340
1432380
1432390
1432680
1432910
1433110
1433340
1433480
1433490
1433570
1433860
1434260
1434300
1434540
1434890
1434940
1435410
1435440
1435470
1435590
1435670
1435790
1436590
1436810
1436920
1437580
1437750
1437760
1438090
1438480
1438830
1439040
1439120
1439420
1439550
1439630
1440280
1440330
1440350
1440580
1441400
1441430
1441530
1441840
1442080
1442480
1442520
1442840
1443120
1443470
1443470
1443500
1443680
1443700
1443810
1444020
1444300
1444410
1444490
1444580
1444980
1445070
1445850
1446090
1446310
1446340
1446350
1446370
1446480
1446780
1446880
1446900
1446930
1447260
1447400
1447710
1448000
1448220
1448760
1449070
1449290
1449510
1449670
1449920
1449980
1450070
1450100
1450240
1450650
1450790
1450800
1451030
1451150
1451200
1451680
1451920
1451970
1451990
1452020
1452280
1452910
1453030
1453160
1453400
1453920
1453950
1454080
1454090
1454540
1454640
1455000
1455020
1455130
1455200
1455650
1455840
1456230
1456260
1456340
1456560
1456770
1457130
1457220
1457340
1457480
1457500
1457940
1458690
1458960
1458970
1459070
1459250
1459690
1459890
1459960
1460080
1460260
1460440
1460650
1460800
1461110
1461150
1461710
1461900
1461960
1462120
1462490
1462540
1462580
1462760
1462790
1462810
1463130
1463180
1463360
1463430
1463730
1463780
1463830
1464380
1464410
1464550
1464650
1464700
1465300
1465480
1465560
1465860
1466110
1466350
1466580
1466640
1466840
1466870
1466900
1466970
1467330
1467550
1467590
1467920
1468160
1468190
1468240
1468340
1468380
1468420
1468430
1468820
1469260
1469690
1470320
1470380
1470390
1470420
1470880
1471320
1471460
1471700
1472560
1473170
1473540
1473820
1474120
1474280
1474300
1474420
1474480
1474780
1474790
1474840
1475120
1475400
1475730
1476020
1476170
1476230
1476410
1476430
1476830
1477070
1477300
1477330
1477470
1477630
1477640
1477710
1477790
1477920
1477980
1478160
1478350
1478380
1478420
1478480
1478590
1478710
1478880
1479080
1479100
1479140
1479150
1479390
1479400
1479500
1479540
1479760
1479830
1479890
1479910
1479980
1480040
1480220
1480560
1480810
1480910
1480930
1481000
1481080
1481150
1481310
1481400
1481440
1481600
1481910
1482150
1482240
1482320
1482490
1482550
1482640
1482750
1482780
1482800
1482820
1482940
1483020
1483100
1483110
1483190
1483310
1483370
1483440
1483470
1483550
1483570
1483780
1483970
1484010
1484140
1484620
1484720
1484760
1484790
1484830
1484950
1485110
1485120
1485190
1485650
1485690
1485730
1486000
1486080
1486180
1486630
1487030
1487100
1487140
1487200
1487390
1487400
1487440
1487450
1487630
1487640
1487900
1488320
1488380
1488510
1488650
1488700
1488810
1489110
1489160
1489300
1489410
1489470
1489630
1489660
1489780
1489850
1490010
1490020
1490030
1490240
1490290
1490600
1490610
1490870
1490930
1491170
1491400
1491460
1491480
1491510
1491550
1491570
1491730
1492140
1492190
1492210
1492250
1492290
1492300
1492360
1492370
1492430
1492440
1492620
1492650
1492860
1493160
1493260
1493360
1493570
1493880
1493920
1493960
1493970
1494160
1494230
1494780
1494810
1494960
1495360
1495420
1495560
1495620
1496470
1497250
1497490
1498140
1498190
1498290
1498740
1498900
1499120
1499960
1500580
1500960
1501420
1501500
1501730
1501820
1501850
1502110
1502190
1503160
1503180
1503280
1503480
1503700
1503930
1504250
1504690
1505010
1505310
1505500
1505520
1505540
1505670
1505720
1505850
1505920
1506100
1506520
1506710
1506760
1506980
1507080
1507110
1507190
1507600
1507620
1507850
1507860
1507950
1508000
1508260
1508280
1508530
1509080
1509450
1509510
1509730
1509750
1510240
1510310
1510470
1510580
1511240
1511460
1512050
1512860
1513120
1513240
1513420
1513480
1513860
1513960
1514090
1514170
1514480
1514620
1514980
1515200
1515400
1515420
1515470
1515900
1516730
1516960
1517190
1517240
1517470
1517610
1517800
1518650
1518870
1519140
1519190
1519420
1519550
1519590
1519730
1520240
1521290
1521820
1521930
1521970
1522040
1522280
1522690
1522810
1523260
1523510
1523670
1523990
1524020
1524530
1525040
1525190
1525330
1525370
1525530
1525560
1525580
1525660
1525750
1526000
1526140
1526430
1526500
1526930
1527080
1527960
1528100
1528120
1528260
1528300
1528810
1528860
1528970
1529040
1529110
1529160
1529430
1529530
1529780
1530040
1530800
1530860
1530920
1531250
1531490
1532400
1532460
1532710
1533380
1533470
1533500
1533560
1533600
1533770
1533860
1534180
1534610
1534630
1534930
1535210
1535240
1535550
1535660
1535810
1536120
1536210
1536740
1537160
1537320
1537340
1537480
1537980
1538040
1538300
1538570
1538850
1538990
1539250
1539270
1539950
1540600
1540840
1541400
1541650
1543000
1543020
1543030
1543240
1543380
1543430
1543520
1543650
1543690
1543800
1544480
1544540
1544600
1544810
1544890
1545270
1545600
1545810
1545830
1545850
1545990
1546010
1546100
1546420
1546450
1546500
1546620
1546770
1546910
1547040
1547230
1547380
1547450
1547540
1547580
1547730
1547860
1548300
1548350
1548750
1548890
1549550
1550450
1550480
1550950
1551010
1551770
1551920
1552080
1552160
1552240
1552300
1552310
1552430
1552600
1552740
1552810
1553080
1553120
1553500
1553650
1553880
1554510
1554600
1554970
1555130
1555140
1555150
1555400
1555650
1556010
1556360
1556660
1556850
1556870
1557400
1557820
1558000
1558510
1558570
1558840
1559260
1559560
1559870
1559920
1559930
1560450
1560510
1560520
1560830
1560860
1561380
1561660
1561780
1561800
1561920
1561960
1561980
1562140
1562160
1562180
1562380
1562410
1562700
1562800
1563300
1563550
1563700
1563720
1564110
1564130
1564150
1564590
1564620
1564710
1564760
1565030
1565670
1565840
1566070
1566220
1566350
1566360
1566410
1566870
1567770
1567800
1567850
1568470
1568520
1568720
1568880
1569040
1569150
1569180
1569370
1570020
1570650
1570680
1571210
1571340
1571560
1571660
1572040
1572230
1572420
1573060
1573110
1573190
1573390
1573800
1574020
1574110
1574330
1574480
1574500
1574780
1575040
1575270
1575510
1575540
1575590
1576280
1576300
1576370
1576900
1577050
1577130
1577140
1577240
1577510
1577570
1577690
1577810
1577880
1577900
1578330
1578500
1578660
1578710
1578920
1579300
1579730
1580010
1580300
1580380
1580520
1580670
1580980
1581100
1581240
1581250
1581380
1581470
1581490
1581760
1581790
1581880
1581940
1581960
1582120
1582180
1582200
1582410
1582790
1582980
1582990
1583080
1583190
1583610
1583730
1584170
1584720
1584840
1584900
1584950
1585050
1585130
1585220
1585350
1585440
1586150
1586220
1586650
1586820
1586960
1586980
1586990
1587240
1587380
1587460
1587540
1587810
1587940
1588380
1588590
1588680
1588700
1588760
1588790
1588910
1589120
1589610
1589770
1589920
1590160
1590180
1590640
1591050
1591150
1591250
1591500
1591530
1591540
1591570
1591650
1591690
1591760
1592110
1592120
1592230
1592540
1592590
1592680
1592950
1593030
1593040
1593060
1593130
1593350
1593660
1593690
1593780
1593950
1593990
1594340
1594560
1594720
1594940
1595020
1595300
1595540
1595950
1596080
1596370
1596730
1596820
1597060
1597200
1597290
1597460
1597820
1598180
1598190
1598220
1598540
1598630
1598910
1599000
1599610
1599880
1600470
1600580
1601220
1601360
1601740
1602160
1602370
1602390
1602540
1602600
1602880
1603410
1603480
1603600
1604060
1604240
1604300
1604730
1604780
1605930
1605950
1606640
1607730
1607820
1608670
1609020
1611120
1611290
1612380
1612870
1613760
1614620
1614940
1616070
1616520
1617030
1618230
1619350
1619390
1620340
1620490
1620720
1621210
1621930
1622470
1623210
1624130
1624150
1624190
1625950
1628140
1628610
1628890
1629150
1629530
1632140
1632300
1634220
1634680
1636700
1637320
1637510
1637560
1638450
1638690
1640890
1641250
1642690
1643560
1644330
1644970
1645620
1645660
1645780
1646580
1646730
1647740
1651610
1652460
1652580
1656680
1656950
1657100
1659610
1659710
1659890
1660990
1661360
1661600
1661640
1661810
1661900
1662010
1662090
1662210
1662270
1662570
1662710
1662750
1663220
1663250
1663320
1663410
1663640
1663650
1663950
1663970
1663990
1664220
1664240
1664390
1664410
1664580
1664670
1665170
1665190
1665200
1665260
1665280
1665500
1665780
1666090
1666150
1666240
1666480
1666500
1666640
1666820
1666890
1667120
1667130
1667180
1667270
1667360
1667550
1667750
1668130
1668190
1668270
1668310
1668690
1669180
1669320
1669330
1669420
1669500
1669560
1669590
1669790
1669850
1670980
1671210
1671310
1671480
1671580
1671590
1671610
1671720
1672180
1672610
1672670
1672700
1672790
1672920
1673000
1673090
1673100
1673190
1673560
1673670
1673880
1673940
1674030
1674620
1674640
1674780
1674820
1675040
1675610
1675620
1675760
1676050
1676130
1676260
1676380
1676910
1676970
1676990
1677190
1677400
1677570
1677650
1677720
1677770
1677900
1678020
1678100
1678320
1678340
1678570
1678590
1678880
1678910
1678940
1678980
1679210
1679220
1679360
1679510
1679700
1679800
1679830
1679930
1680020
1680310
1680340
1680380
1680580
1680680
1680780
1680800
1680890
1680980
1681080
1681320
1681350
1681720
1681760
1681810
1681840
1682060
1682200
1682240
1682260
1682290
1682320
1682340
1682400
1682470
1682820
1682950
1683000
1683100
1683270
1683340
1683370
1683380
1683430
1683620
1683660
1683680
1683690
1683870
1683960
1684100
1684110
1684120
1684130
1684400
1684460
1684670
1684750
1684930
1685510
1685630
1685730
1685870
1685960
1686130
1686280
1686490
1686640
1687080
1687130
1687210
1687300
1687470
1687570
1687730
1687840
1687940
1687960
1687990
1688080
1688160
1688210
1688350
1688580
1688720
1688880
1688970
1689010
1689080
1689190
1689220
1689250
1689410
1689530
1690180
1690190
1690220
1690270
1690370
1690440
1690790
1690880
1691000
1691020
1691040
1691500
1691620
1692070
1692080
1692340
1692400
1692550
1693070
1693090
1693100
1693280
1693290
1693300
1693570
1693600
1693610
1693680
1693850
1693970
1694170
1694230
1694260
1694430
1694610
1694620
1694670
1694880
1694920
1695000
1695260
1695610
1695620
1696030
1696080
1696090
1696200
1696220
1696370
1696550
1696720
1697540
1697630
1697700
1698140
1698280
1698440
1698630
1698750
1698810
1698910
1698930
1698990
1699260
1699280
1699390
1699460
1699500
1699980
1700110
1700270
1700420
1700870
1701140
1701190
1701330
1701470
1701560
1701670
1701800
1701820
1701830
1701870
1701890
1702170
1702210
1702260
1702390
1702680
1702740
1702840
1702910
1703020
1703180
1703210
1703330
1703380
1703500
1703610
1703650
1703740
1703930
1704080
1704170
1704310
1704490
1704730
1705140
1705150
1705180
1705580
1705620
1705930
1706090
1706130
1706150
1706170
1706210
1706220
1706540
1706550
1706850
1706920
1706980
1707120
1707220
1707260
1707400
1707450
1707490
1707640
1707650
1707720
1707740
1707790
1707850
1707950
1707970
1708050
1708110
1708200
1708320
1708400
1708550
1708570
1708690
1708730
1708750
1708770
1708990
1709050
1709170
1709190
1709280
1709350
1709400
1709510
1709520
1709540
1709660
1709700
1709730
1709780
1709870
1710170
1710220
1710540
1710760
1710830
1710930
1711310
1711420
1711520
1711620
1711700
1711990
1712050
1712110
1712180
1712270
1712320
1712370
1712390
1712580
1712690
1712750
1712810
1712890
1712950
1713130
1713140
1713220
1713260
1713340
1713400
1713810
1714020
1714050
1714080
1714200
1714400
1714420
1714510
1714550
1714770
1714850
1714910
1715190
1715350
1715370
1715390
1715490
1715510
1715550
1715800
1715980
1716170
1716310
1716330
1716600
1716760
1716810
1716820
1716870
1716890
1716940
1717130
1717160
1717180
1717190
1717400
1717510
1717570
1717640
1717770
1717800
1717880
1718130
1718160
1718570
1718660
1718700
1718910
1718920
1719080
1719240
1719460
1719490
1719550
1719680
1719730
1719740
1719990
1720020
1720090
1720390
1720780
1720790
1720850
1720960
1721010
1721100
1721170
1721180
1721240
1721680
1721800
1721820
1722050
1722120
1722290
1722340
1722390
1722410
1722520
1722590
1722660
1722740
1722940
1723100
1723260
1723390
1723530
1723540
1723560
1723570
1723700
1723750
1724140
1724160
1724300
1724390
1724460
1724510
1724540
1724600
1724770
1724790
1724890
1724980
1725220
1725350
1725360
1725440
1725910
1726050
1726120
1726290
1726370
1726400
1726550
1726760
1727030
1727180
1727210
1727350
1727400
1727420
1727440
1727500
1727550
1727760
1727970
1728180
1728390
1728660
1728670
1728680
1728690
1728700
1728840
1728980
1729170
1729180
1729190
1729210
1729250
1729380
1729410
1729420
1729570
1729660
1729730
1729830
1729940
1730080
1730140
1730190
1730390
1730450
1730500
1730520
1730540
1730550
1730630
1730650
1730930
1731090
1731230
1731260
1731340
1731460
1731630
1732090
1732180
1732220
1732310
1732660
1733110
1733500
1733620
1733680
1733960
1734130
1734230
1734250
1734390
1734470
1734540
1734680
1734820
1734990
1735010
1735080
1735700
1736270
1736460
1736560
1736850
1737220
1737400
1737460
1737510
1738160
1738540
1738570
1738620
1739070
1739080
1739160
1739420
1739620
1739650
1739850
1740230
1740310
1740490
1740530
1740670
1741160
1741200
1741400
1741640
1742360
1742590
1742600
1742610
1742700
1742730
1742750
1742910
1743070
1743080
1743200
1743230
1743380
1743430
1743470
1743570
1743650
1743830
1743930
1743940
1744760
1744820
1745000
1745020
1745170
1745190
1745370
1745410
1745520
1745640
1745700
1745760
1745810
1746340
1746520
1746560
1746590
1746780
1747030
1747500
1747560
1747790
1747860
1748160
1748170
1748230
1748290
1748300
1748650
1749010
1749140
1749170
1749360
1749430
1749440
1749480
1749900
1750030
1750170
1750210
1750450
1750710
1751470
1751680
1751700
1751730
1751950
1752030
1752060
1752090
1752260
1752660
1752890
1753030
1753250
1753270
1753730
1754250
1755030
1755300
1755610
1755680
1755690
1755740
1755750
1755830
1756630
1756730
1757060
1757450
1758250
1758340
1758410
1758480
1758520
1758530
1758640
1759010
1759070
1759130
1759340
1759400
1759640
1759710
1759720
1760040
1760270
1760580
1760640
1761250
1761260
1761380
1761440
1761480
1761870
1762240
1762490
1762550
1763030
1763060
1763180
1763350
1763570
1763990
1764570
1764660
1764840
1764970
1765090
1765160
1765670
1765690
1765780
1765990
1766010
1766060
1766080
1766210
1766240
1766310
1766340
1766390
1766760
1767010
1767150
1767170
1768090
1768280
1768470
1768550
1768730
1768780
1768830
1768920
1769060
1769130
1769150
1769170
1769270
1769320
1769360
1769770
1769870
1769980
1770070
1770190
1770230
1770600
1771040
1771060
1771440
1771610
1771780
1771880
1772050
1772180
1772310
1772530
1772720
1772830
1772920
1773160
1773180
1773440
1773630
1773700
1773710
1774060
1774090
1774200
1774930
1774940
1775060
1775350
1775360
1775430
1775500
1775510
1775520
1776200
1776610
1776820
1776840
1776860
1776920
1776930
1777060
1777320
1777430
1777600
1778490
1778520
1778620
1778870
1779070
1779120
1779130
1779240
1779530
1779730
1779970
1780090
1780240
1780480
1780550
1781030
1781110
1781170
1781380
1781720
1781730
1781760
1781920
1781960
1782010
1782330
1782420
1782860
1783050
1783280
1783740
1783930
1784160
1784310
1784580
1784600
1784780
1785000
1785190
1785230
1785300
1785320
1785450
1785520
1785630
1785940
1786150
1786330
1786350
1786680
1786720
1786780
1786810
1786830
1786910
1786930
1787040
1787100
1787120
1787210
1787360
1787400
1787500
1787690
1787840
1787920
1788740
1788750
1788780
1789090
1789100
1789310
1789500
1789600
1789620
1789650
1790250
1790330
1790360
1790370
1790610
1790710
1790880
1790890
1791900
1791970
1792200
1792270
1792770
1793170
1793360
1793420
1793810
1793890
1794000
1794300
1794430
1794640
1795010
1795710
1795780
1795790
1796050
1796070
1796200
1796640
1796870
1797480
1797490
1797630
1797710
1798150
1798740
1798760
1799210
1799560
1799730
1800010
1800380
1800590
1800690
1800920
1801050
1801370
1802190
1802610
1802670
1803020
1803210
1803400
1803560
1803590
1803600
1803640
1803700
1803760
1803820
1804070
1804270
1804610
1804890
1804980
1805170
1805200
1805680
1806030
1806480
1806960
1806970
1807200
1807210
1807220
1807260
1807690
1807970
1807980
1808060
1808140
1808230
1808440
1808460
1808490
1808540
1808570
1808620
1808870
1808900
1809090
1809420
1809540
1810000
1810200
1810270
1810320
1810530
1810580
1810610
1810620
1810670
1810960
1811330
1811490
1811740
1811750
1811910
1811940
1812060
1812090
1812200
1812640
1812910
1812950
1812960
1812970
1813190
1813820
1813860
1814230
1814310
1814380
1814540
1814570
1814700
1814930
1815050
1815200
1815570
1815600
1815690
1815740
1815750
1815800
1815820
1815990
1816050
1816570
1816710
1816930
1816940
1816950
1817020
1817130
1817240
1817500
1817720
1818080
1818180
1818220
1818230
1818450
1818610
1818690
1818780
1819160
1819340
1819450
1819610
1819660
1819890
1820270
1820570
1820700
1820720
1821070
1821220
1821340
1821540
1821810
1821970
1822030
1822230
1822540
1822560
1822580
1822710
1822900
1823100
1823290
1823430
1823700
1823730
1823830
1823840
1824110
1825040
1825110
1825210
1825340
1825510
1825760
1826020
1826090
1826120
1826200
1826710
1826770
1826820
1827060
1827240
1827260
1827290
1827570
1827640
1827690
1827700
1827730
1827960
1827970
1828040
1828180
1828280
1828310
1828490
1828650
1828700
1828950
1829010
1829070
1829260
1829270
1829310
1829420
1829450
1829700
1829740
1829920
1829960
1830100
1830180
1830430
1830530
1831020
1831100
1831150
1831290
1831400
1831410
1831520
1831540
1831580
1831700
1831740
1831800
1831830
1831900
1832030
1832090
1832130
1832180
1832380
1832620
1832780
1832950
1833490
1833710
1833890
1834010
1834120
1834200
1834530
1834640
1834740
1834950
1834980
1835040
1835190
1835240
1835310
1835330
1835360
1835470
1835570
1835970
1836350
1836390
1836690
1836740
1836880
1836920
1836940
1837140
1837160
1837250
1837330
1837340
1837400
1837420
1837590
1837690
1837750
1838030
1838130
1838480
1838490
1838540
1838820
1838830
1839090
1839600
1839610
1839900
1840140
1840280
1840360
1840570
1840610
1840660
1840730
1840790
1840820
1840850
1840860
1840870
1841070
1841150
1841190
1841200
1841240
1841350
1841380
1841830
1842040
1842050
1842300
1842510
1842730
1842880
1842940
1843110
1843790
1843860
1844120
1844150
1844990
1845740
1846710
1846940
1847380
1847840
1847930
1848070
1848330
1848380
1848450
1848490
1848540
1848580
1848590
1848640
1848710
1848720
1848780
1848860
1849260
1849270
1849760
1849850
1850090
1850610
1851560
1851910
1852000
1853140
1853760
1853890
1854080
1854180
1854250
1854580
1855200
1855580
1856170
1856270
1856830
1856840
1857210
1857650
1857660
1857680
1857690
1857780
1857840
1857980
1858120
1858450
1858620
1858650
1858740
1858760
1858810
1858970
1859180
1859390
1859620
1859910
1859940
1860260
1860280
1860310
1860500
1860560
1860600
1860700
1860870
1860960
1861090
1861250
1861290
1861440
1861450
1861500
1861530
1862520
1862600
1862730
1863010
1863170
1863770
1865060
1865280
1865360
1866320
1866610
1866700
1867290
1867510
1867810
1868000
1868050
1868060
1868070
1868080
1868140
1868260
1868820
1869120
1869490
1869560
1869570
1870400
1870460
1870660
1870790
1870800
1871310
1871330
1871450
1871570
1871590
1871600
1871790
1871940
1871990
1872060
1872200
1872270
1873080
1873510
1873540
1873570
1873720
1873810
1873870
1874090
1874260
1874620
1874630
1876010
1876060
1876430
1876530
1876670
1877300
1877440
1877780
1877830
1877970
1878290
1878350
1878720
1879520
1879640
1880310
1880330
1880490
1880630
1880720
1880840
1881210
1881280
1881840
1881950
1882690
1882710
1883090
1883220
1883370
1883840
1884020
1884510
1884610
1885080
1885200
1885370
1885500
1885660
1885720
1885750
1885930
1886170
1886210
1886290
1886960
1887020
1887340
1887360
1888120
1888560
1888640
1889370
1889740
1889880
1890510
1890910
1890950
1891250
1891350
1891580
1891920
1892040
1892100
1892210
1892370
1892460
1892630
1892750
1892950
1893100
1893260
1893370
1893620
1893870
1893880
1893930
1894140
1894600
1894700
1894790
1894860
1894910
1895270
1895280
1896200
1896330
1896700
1896760
1896810
1896900
1896990
1897010
1897100
1897860
1898180
1898530
1898560
1898590
1898610
1898790
1898880
1899200
1899270
1900020
1900230
1900300
1900330
1900890
1900970
1901690
1901950
1902150
1902170
1902200
1902710
1902830
1902850
1902870
1903510
1903720
1903730
1903990
1904860
1905060
1905080
1905150
1905900
1905960
1906020
1906400
1906510
1906800
1907230
1907400
1907430
1907900
1908260
1908330
1908380
1908480
1908900
1909080
1909100
1909260
1909740
1909750
1910000
1910180
1910210
1910360
1910490
1910590
1910600
1910630
1910860
1910910
1911120
1911200
1911230
1911420
1911960
1912170
1912490
1912560
1913140
1913200
1913530
1913900
1914390
1914530
1914940
1914980
1916090
1916560
1916660
1916690
1917020
1917390
1917820
1917950
1918130
1918270
1918320
1918420
1918810
1919140
1919240
1919270
1919440
1919570
1919600
1919770
1919960
1920100
1920120
1920320
1921170
1921200
1921240
1922020
1922060
1922180
1922610
1922800
1922940
1922990
1923070
1923380
1923500
1923720
1923850
1924380
1924390
1924960
1925530
1925660
1925850
1925910
1925970
1926270
1926390
1926440
1926510
1926550
1926560
1926650
1926940
1927570
1927980
1928370
1928380
1928590
1928850
1928930
1929170
1929350
1929460
1929500
1929760
1930300
1930350
1930600
1930770
1930830
1931010
1931020
1931370
1931470
1931600
1932360
1932430
1932590
1932810
1933070
1933090
1933510
1933580
1933730
1934020
1934080
1934520
1934540
1934660
1934700
1934800
1935340
1935420
1935620
1936080
1936180
1936240
1936250
1936270
1936360
1936710
1936860
1936900
1936990
1937510
1937670
1937720
1937750
1937880
1938160
1938290
1938360
1938620
1939340
1939350
1939700
1939770
1940380
1940490
1941220
1941310
1941370
1941410
1941550
1941640
1941870
1941890
1942000
1942280
1943020
1943400
1943740
1944570
1944910
1944960
1945110
1945230
1945250
1945260
1945750
1945770
1945780
1945860
1946310
1946380
1946490
1946550
1946810
1946930
1946970
1947300
1947470
1947750
1947810
1948090
1948150
1948680
1948800
1948930
1948940
1948960
1949010
1949190
1949440
1949840
1949850
1949890
1950200
1950310
1950490
1950570
1950770
1950920
1950930
1951490
1951520
1951560
1951700
1951800
1952270
1952340
1952400
1952550
1952740
1952780
1952860
1952930
1952950
1952960
1952970
1952980
1952990
1953100
1953380
1953550
1953630
1953670
1953800
1953860
1954440
1954640
1954720
1955030
1955110
1955640
1955820
1956350
1956770
1956790
1956840
1956860
1956930
1957070
1957300
1957430
1957680
1957750
1958020
1958130
1958620
1958750
1959390
1959530
1959840
1960190
1960330
1960400
1960570
1960610
1960800
1960880
1960920
1960930
1961030
1961260
1961310
1961520
1962030
1962130
1962560
1962590
1962760
1962890
1962900
1963780
1964040
1964360
1964560
1964590
1964630
1964690
1964770
1964970
1965060
1965190
1965370
1965470
1965560
1965620
1965760
1965800
1966080
1966900
1967340
1967510
1967630
1967940
1967980
1968210
1968530
1968540
1968720
1968730
1968790
1968810
1968830
1969080
1969150
1969260
1969430
1969530
1969620
1969650
1969820
1969920
1970020
1970030
1970220
1970300
1970460
1971260
1971310
1971560
1971640
1971750
1971980
1972050
1972410
1972440
1972470
1972640
1972670
1973320
1973600
1973610
1973640
1974040
1974070
1974250
1974410
1974440
1974550
1974610
1975320
1975370
1975470
1975790
1976100
1976230
1976240
1976290
1976660
1976690
1976860
1977000
1977220
1977450
1977770
1977840
1978330
1978590
1979350
1979470
1979500
1980350
1980620
1981250
1981380
1982190
1982900
1983640
1983780
1984200
1984800
1985300
1985710
1985960
1987030
1987440
1987470
1987550
1992480
1992930
1994000
1995420
1995590
1995680
1995870
1995930
1996680
1997300
1998540
1999520
1999970
2000040
2000050
2003690
2005430
2005900
2006260
2007300
2007460
2008120
2008670
2009950
2011460
2012890
2012910
2014300
2014650
2014740
2014980
2015280
2016980
2017590
2018020
2018790
2020090
2026030
2050070
2050150
2053060
2054180