1966900
1921390
1937160
1697110
1700630
1917870
1069160
380110
1161000
1156350
1136690
1135310
1120330
1054190
1635490
1677590
1828830
1939490
1966380
1968500
1969040
1971590
1971680
1971740
1417570
1856300
1833080
1875600
1872410
1901540
1951210
1934350
1936300
1950440
1933010
1909850
1918650
1924850
1926830
1263170
1284730
1226030
1309760
1400850
1362840
1521390
1514040
1608330
1545430
1602030
1602390
1603950
1593510
1483820
1553870
1537490
1621130
1632630
1804780
1751500
1609780
1666800
1695890
1697070
1716450
1719710
1775230
1884060
1885400
1890500
1892490
1958890
1959540
1883840
1920080
1019050
1240160
1906470
1937180
1946600
1588860
1789220
1798750
1911650
1368540
1936790
1954590
1961330
1966280
1724490
1753420
1860280
1443850
1940360
1945850
1419390
1539760
1549600
1612470
1074740
1285860
1766000
1801110
1866090
1867830
1659150
1913420
1961970
1029190
1223720
1297270
1347760
1078270
1301500
1334110
1337610
1352120
1547670
1602090
1791200
1793530
1865750
1924970
1937960
1937110
1964120
1921520
1851840
1854570
1899730
1334230
1389520
1413250
1497910
1092530
1913730
1962910
1786950
1860200
1903060
1929540
1360810
1571260
1029650
1211600
1953470
1957010
1958570
426870
1588560
1596400
1669970
1776000
1816570
1880870
1884610
1890800
1912940
1920840
1939560
1951230
1953660
1961160
1965070
1965390
1965440
1319310
942220
1236170
1750050
1753280
1757490
1778860
1786580
1791970
1795470
1821850
1828800
1833570
1864400
1872620
1896310
1898290
1898920
1910470
1918480
1933450
1939790
1947470
1959520
1963190
1979350
1457030
1478260
1490340
1514190
1518220
1535560
1587920
1592540
1619310
1640700
1719310
1724100
1198970
1208110
1231560
1231990